time (s)	magX	magY	magZ
22399.711616	-76.770889	154.985382	-1014.766174
22399.715050	-76.946228	156.329636	-1013.947998
22399.718343	-78.232025	158.141434	-1012.545227
22399.721657	-78.407364	159.836365	-1011.376404
22399.724998	-79.342491	161.531281	-1009.973633
22399.728317	-79.810051	163.167740	-1008.921631
22399.731663	-80.219170	164.687317	-1007.285156
22399.735001	-81.095848	166.323792	-1005.999390
22399.738274	-81.504959	167.960251	-1005.239624
22399.741577	-81.914085	169.830505	-1003.018677
22399.744866	-82.849213	171.350098	-1002.784851
22399.748223	-83.667442	172.635880	-1002.025146
22399.751557	-84.368790	174.097015	-999.511963
22399.754920	-85.070129	175.850388	-998.518372
22399.758208	-85.771477	177.369965	-997.174072
22399.761518	-85.946808	179.415558	-996.063660
22399.764869	-86.472816	180.526016	-996.122131
22399.768621	-87.174164	182.396271	-993.316772
22399.772044	-88.050842	183.272934	-991.680237
22399.774909	-88.109291	184.850967	-991.037415
22399.778674	-88.693748	186.195221	-988.874939
22399.781606	-89.336639	188.240799	-987.822815
22399.785366	-89.570427	189.409698	-987.179993
22399.788647	-90.330215	190.753937	-986.420166
22399.792008	-91.323792	191.922852	-984.842163
22399.795308	-91.265343	193.383987	-983.673340
22399.798693	-91.849792	194.611343	-983.088806
22399.801994	-92.784912	195.897141	-980.575684
22399.805315	-93.077141	197.299835	-980.049622
22399.808598	-93.661606	199.170090	-978.354797
22399.811986	-94.596725	200.105209	-976.659790
22399.815319	-94.713615	201.858566	-976.601318
22399.818635	-95.298073	202.793686	-974.906494
22399.821925	-95.765633	204.313278	-973.971313
22399.825221	-96.350082	205.248398	-972.276428
22399.828529	-96.876091	206.241974	-970.756836
22399.832302	-97.226761	208.053772	-969.880127
22399.835614	-97.518990	208.755112	-969.295715
22399.838983	-98.395676	210.216248	-967.951416
22399.842314	-98.746346	211.034500	-967.367004
22399.845634	-98.980125	212.378723	-966.022827
22399.848989	-99.447685	213.255417	-964.736938
22399.852298	-100.149033	214.658096	-963.334290
22399.855617	-101.493271	215.885452	-962.340637
22399.858945	-101.376389	217.288147	-961.989990
22399.862243	-101.785500	217.872604	-959.885986
22399.865565	-102.253067	218.807724	-959.301575
22399.868869	-102.779076	220.268860	-958.249512
22399.872296	-103.129745	221.145538	-956.963745
22399.875573	-103.129745	222.489777	-955.853271
22399.878859	-103.655754	223.541794	-954.450623
22399.882198	-104.006432	224.009354	-954.333740
22399.885517	-104.240211	225.002914	-952.229614
22399.888895	-104.649323	225.996506	-951.703674
22399.892239	-105.467552	227.282288	-950.826965
22399.895545	-105.526001	228.392746	-949.248901
22399.899276	-105.233772	229.094101	-949.015198
22399.902880	-105.818230	229.970764	-947.670959
22399.906208	-106.578026	230.847458	-947.144897
22399.909570	-106.753357	231.198120	-946.794250
22399.912876	-107.104027	232.542374	-944.748596
22399.916213	-107.513153	233.828171	-943.988831
22399.919547	-107.688484	234.003510	-943.053772
22399.922876	-108.448273	234.880188	-942.995300
22399.926206	-108.331375	235.698425	-941.767883
22399.929547	-108.565155	236.692001	-941.826355
22399.932869	-108.506729	237.568665	-940.540649
22399.936209	-109.149628	237.919357	-939.488525
22399.939542	-109.266510	238.912918	-938.670349
22399.942875	-109.266510	239.731155	-939.079529
22399.946204	-109.792511	240.257172	-937.618286
22399.949540	-109.792511	240.666275	-935.864929
22399.952900	-110.143188	241.426071	-935.105164
22399.956205	-110.961426	242.711853	-934.345398
22399.959539	-111.019867	242.945648	-934.579224
22399.962868	-110.786087	243.354752	-934.053162
22399.966257	-110.844543	243.880783	-931.890686
22399.969539	-111.545883	244.523682	-931.364685
22399.972869	-111.779663	245.400360	-931.247742
22399.976202	-111.779663	245.751038	-930.312683
22399.979539	-111.545883	246.978378	-929.611328
22399.982869	-112.305664	246.919922	-929.026794
22399.986201	-112.364105	248.088837	-928.676147
22399.989538	-112.656342	248.205734	-928.559326
22399.992874	-112.890121	248.556412	-927.039734
22399.996232	-112.890121	248.907074	-927.390442
22399.999537	-112.422562	249.491531	-925.812378
22400.002873	-112.890121	249.842194	-925.227966
22400.006198	-113.533020	249.900665	-925.636963
22400.009537	-113.474564	250.368225	-924.584961
22400.012870	-113.007004	250.952652	-924.643433
22400.016196	-114.000580	250.777328	-924.292786
22400.019535	-114.234360	251.770905	-923.649902
22400.023310	-113.533020	252.589142	-922.422546
22400.026656	-113.357681	252.121582	-921.662720
22400.029972	-114.000580	252.998245	-922.597900
22400.033303	-113.942139	253.524261	-921.312073
22400.036628	-114.234360	253.933365	-921.078308
22400.039973	-114.351257	254.167160	-920.552307
22400.043282	-114.468140	254.634720	-920.610718
22400.046619	-114.468140	254.342499	-920.026245
22400.049962	-114.643478	254.284058	-919.383362
22400.053287	-114.059021	254.517822	-919.675598
22400.056666	-114.351257	255.277618	-919.091125
22400.059975	-114.994156	255.569839	-918.915771
22400.063313	-114.409698	255.686737	-918.272888
22400.066631	-114.994156	255.978973	-919.208069
22400.069984	-114.468140	256.446533	-918.448303
22400.073285	-114.818817	255.978973	-918.039185
22400.076614	-115.461716	256.504974	-917.396179
22400.079951	-115.169479	256.972534	-917.396179
22400.083281	-115.344818	256.914093	-917.454651
22400.086617	-114.818817	256.914093	-916.811768
22400.089978	-115.111038	257.323181	-917.337830
22400.093317	-114.351257	257.440094	-916.285706
22400.096638	-114.585037	257.381653	-916.636475
22400.100036	-114.935699	257.732330	-916.344177
22400.103287	-115.052597	257.790741	-917.045532
22400.107042	-115.403275	257.498535	-916.227356
22400.110365	-114.760376	258.199890	-916.461121
22400.113779	-114.760376	257.673889	-916.811768
22400.117051	-114.643478	257.790741	-916.519592
22400.120432	-114.935699	257.907654	-916.636475
22400.123794	-114.643478	257.790741	-916.168884
22400.127122	-114.292816	257.556976	-915.701294
22400.130375	-114.351257	258.433655	-915.642883
22400.133700	-114.351257	258.082977	-916.636475
22400.137038	-114.351257	257.381653	-916.227356
22400.140398	-114.526596	257.264771	-916.110474
22400.143771	-114.643478	257.498535	-917.162415
22400.147148	-114.117477	257.381653	-917.162415
22400.150442	-114.000580	256.797180	-917.630005
22400.153705	-114.117477	256.504974	-917.688477
22400.157079	-114.175919	256.504974	-917.104004
22400.160361	-114.175919	256.504974	-918.623596
22400.163727	-113.942139	256.504974	-917.746948
22400.167086	-113.416138	256.154297	-918.740479
22400.170469	-113.708344	256.212738	-918.039185
22400.173796	-113.416138	255.686737	-918.156006
22400.177071	-113.240784	255.628281	-919.032715
22400.180371	-113.357681	255.569839	-919.850952
22400.183701	-113.240784	255.102280	-920.201599
22400.187050	-112.656342	255.686737	-920.961426
22400.190394	-112.364105	255.043854	-920.435364
22400.193776	-112.364105	254.342499	-921.370544
22400.197120	-112.188782	254.108719	-921.136719
22400.200475	-112.247223	253.290466	-920.844482
22400.204117	-111.779663	253.056702	-922.773193
22400.207479	-112.071884	253.348923	-922.422546
22400.210877	-111.779663	252.998245	-922.773193
22400.214236	-111.136749	252.180008	-923.006958
22400.217578	-110.961426	251.770905	-923.474548
22400.220926	-110.669189	251.478683	-924.351257
22400.224295	-110.844543	251.420212	-924.117493
22400.227592	-110.610764	251.127991	-925.286316
22400.231021	-110.084747	250.485092	-925.227966
22400.234294	-110.260071	249.842194	-926.396790
22400.237630	-109.617187	249.491531	-927.857971
22400.240965	-110.201630	249.608429	-928.383972
22400.244295	-109.500290	248.965530	-929.435974
22400.247634	-109.266510	248.614838	-929.202209
22400.250986	-109.208069	247.971954	-929.728271
22400.254277	-109.032730	247.738174	-930.254211
22400.257632	-108.506729	246.861481	-932.007507
22400.260926	-108.448273	246.686157	-931.481567
22400.264275	-107.337814	246.393921	-932.708984
22400.267572	-107.513153	245.634140	-932.416687
22400.270922	-107.454704	244.699005	-933.001160
22400.274264	-106.870239	244.406784	-934.462280
22400.277581	-106.928688	242.828751	-935.105164
22400.280900	-106.285797	243.062546	-936.098816
22400.284635	-106.519577	242.536530	-937.150818
22400.288018	-105.642899	241.133835	-938.027405
22400.290924	-105.350670	241.016937	-938.436523
22400.294641	-105.233772	239.789612	-939.371704
22400.297996	-104.649323	239.672714	-939.605469
22400.301334	-104.999992	238.679123	-941.300415
22400.304625	-104.123314	238.036240	-942.118591
22400.307984	-103.538864	237.393341	-942.060242
22400.311275	-103.421974	236.399780	-942.936829
22400.314665	-103.071304	235.464645	-945.040894
22400.317974	-103.071304	234.938629	-944.865540
22400.321306	-102.136177	234.003510	-945.508423
22400.324599	-102.077728	232.951508	-945.683777
22400.327934	-101.668617	232.834610	-947.028015
22400.331277	-101.025711	232.133255	-947.028015
22400.334612	-101.201057	230.379898	-949.482727
22400.337919	-100.382812	229.444778	-950.359375
22400.341213	-99.506134	229.503204	-951.353027
22400.344552	-99.097023	228.217422	-952.521912
22400.347993	-98.804794	226.697830	-953.398560
22400.351268	-98.571014	226.171829	-953.924561
22400.354576	-97.635887	225.295151	-955.444153
22400.358371	-97.460541	224.243149	-956.729919
22400.361669	-96.759201	223.308014	-957.957275
22400.365084	-96.466980	221.963776	-959.067749
22400.368395	-96.408531	221.145538	-959.827576
22400.371686	-95.824074	220.035080	-961.113403
22400.374974	-95.473404	218.749268	-962.106934
22400.378307	-94.596725	218.690826	-961.580994
22400.381696	-94.713615	216.586792	-964.444763
22400.385046	-93.953819	215.651657	-964.736938
22400.388334	-93.486259	214.833435	-966.490295
22400.391640	-93.018692	213.255417	-968.009888
22400.394937	-92.375801	211.852722	-968.535950
22400.398323	-91.849792	211.735825	-969.237244
22400.401643	-91.382225	210.157806	-970.289246
22400.404972	-90.680885	208.755112	-971.867310
22400.408307	-90.330215	207.644653	-973.562256
22400.411597	-89.804207	206.417297	-974.205139
22400.414971	-89.511978	205.423737	-975.549316
22400.418291	-89.511978	204.371719	-976.484497
22400.421617	-88.050842	202.793686	-978.296326
22400.425377	-88.109291	201.800125	-979.056091
22400.428682	-87.700172	200.455872	-980.517212
22400.431984	-86.180588	199.754532	-981.919861
22400.435287	-85.303909	198.585617	-983.088806
22400.438688	-85.128578	196.656921	-984.199280
22400.441971	-83.901222	195.137360	-985.309753
22400.445311	-83.667442	193.442429	-986.946228
22400.448604	-83.258331	192.799545	-988.231995
22400.451924	-82.615433	190.753937	-989.342407
22400.455300	-81.972527	189.175919	-990.160706
22400.458620	-81.563408	188.240799	-991.797180
22400.461909	-80.628288	186.253662	-993.141418
22400.465266	-79.868492	185.201645	-993.901184
22400.468544	-79.751602	184.149628	-995.596130
22400.471875	-79.284042	182.746933	-997.057251
22400.475195	-78.524254	180.993576	-998.810608
22400.479002	-77.881348	179.590881	-999.687317
22400.482374	-77.238457	177.603745	-1000.914612
22400.485684	-76.537109	176.610184	-1002.200439
22400.488654	-75.485092	175.149048	-1002.141968
22400.492374	-75.134422	173.278793	-1003.603088
22400.495710	-74.082405	171.876099	-1005.590271
22400.498991	-73.322617	170.765640	-1007.402039
22400.502347	-72.913498	169.362946	-1007.635925
22400.505711	-72.562828	167.200470	-1009.389221
22400.509026	-71.510811	165.447113	-1010.908813
22400.512319	-70.634132	163.985977	-1012.136169
22400.515621	-70.283455	161.823486	-1013.655701
22400.518949	-68.939209	160.829926	-1014.707764
22400.522332	-68.880768	159.135010	-1015.116882
22400.525660	-67.945648	157.206314	-1017.104004
22400.528974	-66.133835	154.985382	-1018.565125
22400.532317	-66.250725	153.758041	-1019.558716
22400.535614	-65.315598	151.654007	-1020.902954
22400.538988	-64.731148	149.900650	-1023.123840
22400.542304	-64.205139	148.381073	-1023.825195
22400.545664	-62.510223	146.335480	-1025.987793
22400.549069	-62.744003	144.757462	-1026.046143
22400.552810	-61.399757	143.062546	-1027.507324
22400.556145	-60.932198	141.016953	-1028.559326
22400.559478	-59.997070	139.555817	-1030.254272
22400.562822	-58.945053	137.685562	-1030.721802
22400.566144	-58.535942	136.165985	-1031.949219
22400.569508	-58.185272	133.945068	-1034.520752
22400.572812	-56.841026	132.016357	-1035.572754
22400.576139	-55.789009	130.321442	-1036.332520
22400.579484	-55.321449	127.866745	-1037.209229
22400.582816	-54.444771	125.938049	-1038.904175
22400.586140	-53.275864	123.717117	-1039.137939
22400.589477	-53.217415	121.963760	-1041.417236
22400.592811	-51.931618	120.268845	-1042.527710
22400.596144	-50.996490	118.690826	-1044.631836
22400.599477	-50.178253	116.528351	-1045.566895
22400.602804	-49.009354	114.132080	-1046.560547
22400.606142	-49.184685	111.969604	-1048.372314
22400.609475	-48.015778	110.742264	-1049.658081
22400.612821	-46.963760	108.813553	-1051.353027
22400.616142	-45.970192	106.241959	-1052.054321
22400.619474	-45.444183	104.196381	-1052.755737
22400.622809	-45.035065	102.209244	-1053.983032
22400.626144	-43.398590	100.105194	-1055.736450
22400.629511	-42.521919	97.767380	-1057.314453
22400.632807	-42.054352	95.546463	-1057.898926
22400.636141	-41.411453	93.617767	-1059.009399
22400.639470	-39.658089	91.630615	-1059.652344
22400.642802	-38.606079	90.111038	-1061.288696
22400.646137	-37.437172	88.007019	-1062.340698
22400.649468	-36.443604	85.435425	-1062.983643
22400.652809	-35.742256	82.863815	-1064.561768
22400.656152	-34.631790	81.052017	-1066.022827
22400.659893	-33.813560	79.064880	-1066.899536
22400.663225	-32.819984	76.493271	-1068.536011
22400.666566	-32.235535	74.623032	-1069.354248
22400.669910	-31.183516	72.460548	-1069.880249
22400.673254	-30.189947	69.772064	-1071.399780
22400.676586	-29.547045	67.609589	-1072.802490
22400.679936	-28.144358	65.622444	-1074.205200
22400.683217	-26.624781	63.050846	-1075.023437
22400.686589	-25.923437	60.888371	-1075.549438
22400.689896	-25.338984	58.784336	-1076.659912
22400.693219	-24.170076	56.680305	-1077.828735
22400.696556	-23.410288	54.284046	-1079.289917
22400.699893	-22.124491	52.121567	-1080.458862
22400.703274	-21.247808	49.491524	-1081.160156
22400.706586	-20.429571	47.095264	-1082.387573
22400.709916	-19.260664	45.283459	-1082.153809
22400.713291	-18.267096	43.120983	-1084.257812
22400.716552	-17.799532	40.432495	-1085.543579
22400.719890	-16.279951	38.328461	-1085.952637
22400.723228	-15.403273	36.282875	-1086.420288
22400.726552	-14.059031	34.354179	-1087.180054
22400.729898	-13.065458	31.490356	-1088.056763
22400.733669	-12.188780	28.918760	-1088.582642
22400.737072	-10.902979	26.873175	-1089.517822
22400.740398	-9.675627	24.593803	-1090.336182
22400.743741	-9.441845	22.197544	-1091.212769
22400.746967	-8.097603	20.502630	-1092.790771
22400.750318	-6.753361	17.697252	-1092.323242
22400.753656	-6.461134	15.827002	-1093.784424
22400.756996	-4.883108	13.489187	-1094.310425
22400.760334	-3.831093	10.566920	-1095.537720
22400.763746	-2.486849	7.527761	-1096.414307
22400.767106	-1.843950	5.715956	-1096.589722
22400.770346	-1.025717	3.027470	-1096.823486
22400.773679	-0.090590	0.981882	-1097.291138
22400.776983	0.786091	-1.355932	-1097.700195
22400.780334	1.954998	-4.102863	-1098.226196
22400.783668	3.123903	-6.031561	-1099.511963
22400.787083	4.234367	-8.661602	-1099.161377
22400.790408	5.169493	-11.057861	-1101.031616
22400.793712	5.753945	-13.278784	-1100.856323
22400.796966	6.805962	-15.616598	-1101.674438
22400.800311	7.799533	-17.779076	-1102.668091
22400.803638	8.617768	-20.350672	-1102.434204
22400.806996	9.552894	-23.156052	-1103.778564
22400.810329	10.897137	-25.143192	-1103.778564
22400.813719	12.182935	-27.305668	-1104.947510
22400.817076	13.234951	-29.760372	-1105.414917
22400.820374	14.111631	-31.864407	-1105.941040
22400.824075	15.163648	-34.085331	-1107.109863
22400.827419	16.215664	-36.481590	-1107.343628
22400.830832	17.267681	-39.345409	-1107.402100
22400.833787	18.319696	-41.683224	-1108.278809
22400.837473	20.832848	-43.845703	-1108.629517
22400.840817	21.767973	-46.358856	-1108.337280
22400.844177	22.761543	-48.521332	-1108.278809
22400.847485	23.872005	-51.326706	-1109.506226
22400.850870	24.690239	-53.956753	-1108.629517
22400.854156	25.800701	-55.534779	-1108.278809
22400.857494	26.034483	-57.638813	-1107.694336
22400.860837	27.320282	-60.151958	-1109.213867
22400.864145	28.722969	-63.074230	-1109.447754
22400.867465	29.365868	-64.886032	-1109.739990
22400.870822	30.476330	-66.814728	-1110.149048
22400.874135	31.879019	-69.561661	-1109.447754
22400.877512	32.638809	-71.899475	-1109.739990
22400.880818	33.457043	-74.412628	-1110.850464
22400.884141	34.684395	-76.341324	-1110.733521
22400.887460	35.444183	-77.919342	-1109.973755
22400.890819	36.496201	-80.724716	-1110.733521
22400.894146	37.665108	-82.770309	-1110.733521
22400.897475	38.366455	-84.932785	-1110.324341
22400.900790	39.067795	-87.445938	-1110.967285
22400.904152	40.587379	-90.017532	-1111.551758
22400.907937	41.230278	-91.946228	-1110.733521
22400.910860	42.516075	-93.816483	-1111.201050
22400.914593	43.392754	-95.920517	-1110.733521
22400.917930	44.210987	-98.667435	-1110.850464
22400.921246	45.087669	-100.245468	-1110.499756
22400.924619	45.847458	-102.641739	-1111.025757
22400.927989	46.899475	-104.395096	-1110.675049
22400.931296	48.419052	-106.616013	-1109.915283
22400.934599	49.003510	-109.187607	-1109.798462
22400.937901	49.704849	-111.350098	-1109.038574
22400.941217	50.581532	-113.278778	-1108.045044
22400.944549	51.458210	-115.733490	-1108.045044
22400.947916	53.211571	-117.895966	-1108.571045
22400.951201	53.854469	-119.766220	-1108.921753
22400.954552	55.023376	-122.220917	-1108.278809
22400.957874	55.607834	-124.091171	-1107.460571
22400.961253	56.776741	-126.312088	-1107.051514
22400.964526	57.887199	-128.299240	-1107.460571
22400.967873	58.997665	-130.929276	-1107.226807
22400.971181	59.757454	-133.033310	-1106.174805
22400.974491	60.867912	-134.845123	-1106.116333
22400.977819	61.627708	-136.890701	-1105.590332
22400.981602	62.036819	-139.228516	-1106.174805
22400.985005	63.147285	-141.040314	-1105.356567
22400.988298	64.082413	-143.202805	-1105.064331
22400.991581	65.017532	-144.839264	-1104.187622
22400.994915	65.601990	-147.177078	-1103.778564
22400.998193	67.180008	-148.521332	-1103.427856
22401.001585	67.822914	-150.742249	-1102.375854
22401.004944	68.816483	-152.495621	-1101.908325
22401.008259	69.108711	-155.125656	-1100.797852
22401.011638	70.043831	-156.469894	-1101.090088
22401.014936	70.686737	-159.158371	-1101.031616
22401.018225	71.504967	-160.444183	-1100.154907
22401.021546	72.206314	-162.665115	-1100.330200
22401.024843	73.024551	-163.892456	-1098.284668
22401.028184	73.959671	-165.879608	-1098.635376
22401.031468	75.187027	-167.457626	-1098.576904
22401.034836	75.303917	-169.853882	-1098.576904
22401.038164	76.297485	-171.782578	-1097.524902
22401.041472	77.057281	-173.945068	-1096.472778
22401.045238	78.167740	-175.873749	-1096.180664
22401.048541	79.102859	-177.276443	-1095.187134
22401.051825	80.154877	-178.971359	-1093.083008
22401.055141	81.323784	-180.783173	-1094.777954
22401.058556	81.440674	-182.419632	-1093.316895
22401.061841	82.609581	-183.880768	-1092.440063
22401.065195	83.252487	-185.575684	-1090.803589
22401.068547	84.187614	-187.679718	-1090.394531
22401.071878	84.772064	-188.965515	-1089.576294
22401.075183	85.531860	-190.601990	-1088.290527
22401.078503	85.882530	-192.530670	-1087.998291
22401.081796	87.168327	-194.167160	-1087.121582
22401.085088	87.694328	-196.446503	-1086.303345
22401.088446	88.161896	-197.323196	-1086.186523
22401.091792	88.746346	-198.842773	-1084.316284
22401.095095	89.564583	-200.654602	-1084.140869
22401.098869	90.149033	-202.174164	-1084.316284
22401.102210	90.733490	-203.810638	-1082.913574
22401.105509	91.317940	-206.031555	-1081.043335
22401.108862	91.727066	-206.908249	-1082.095337
22401.112194	92.954414	-208.720032	-1081.569336
22401.115518	93.655762	-210.298080	-1080.692627
22401.118818	93.831093	-212.051437	-1079.523804
22401.122175	94.415550	-212.928101	-1080.049683
22401.125489	95.292229	-214.798355	-1078.296387
22401.128808	96.168907	-215.675034	-1077.770264
22401.132152	96.402687	-217.545288	-1076.835205
22401.135459	97.279373	-219.064880	-1075.432617
22401.138774	97.162483	-220.292221	-1075.549438
22401.142059	98.682060	-221.168900	-1073.503906
22401.145408	99.091171	-223.272934	-1072.977783
22401.148771	99.091171	-224.500290	-1072.510254
22401.152086	99.850967	-225.961411	-1071.750488
22401.155367	100.844536	-227.071869	-1070.347778
22401.158674	101.721222	-228.533020	-1069.880249
22401.162467	101.838112	-229.059021	-1068.360596
22401.166088	102.773232	-230.227936	-1066.899536
22401.169423	103.474579	-231.279938	-1065.906006
22401.172753	103.533028	-232.799530	-1066.081177
22401.176086	104.409706	-233.909988	-1065.906006
22401.179416	105.403275	-235.020447	-1063.685059
22401.182747	105.520164	-236.949158	-1063.977295
22401.186078	106.221512	-237.708939	-1062.574585
22401.189479	106.338402	-238.994736	-1061.697876
22401.192750	106.513733	-240.105194	-1061.288696
22401.196080	107.039749	-241.274109	-1060.061401
22401.199454	108.325546	-243.085907	-1060.353638
22401.202750	108.500877	-243.261230	-1059.067871
22401.206076	108.500877	-244.547058	-1058.424927
22401.209421	109.202225	-245.949738	-1057.548218
22401.212768	109.494453	-247.118622	-1055.385742
22401.216080	109.669785	-248.579773	-1055.327271
22401.219418	110.546463	-249.514893	-1054.976562
22401.222749	110.838692	-250.859131	-1053.047852
22401.226083	111.890709	-251.794250	-1053.106323
22401.229416	112.299828	-252.787842	-1051.469849
22401.232748	112.884277	-254.365875	-1052.229614
22401.236071	112.708946	-255.417877	-1050.301025
22401.239411	113.644073	-256.060791	-1049.132080
22401.242770	114.111633	-256.703674	-1047.904785
22401.246077	114.228523	-257.755707	-1047.904785
22401.249408	114.520752	-258.749268	-1046.443604
22401.252751	114.929871	-259.801300	-1046.268188
22401.256076	114.871422	-260.677948	-1045.742310
22401.259411	115.631210	-261.087067	-1043.930542
22401.262748	116.274109	-262.489777	-1043.696655
22401.266077	115.923439	-263.892456	-1042.586182
22401.269404	116.507889	-264.652252	-1041.943359
22401.272780	117.033905	-265.353607	-1041.534180
22401.276070	117.209236	-266.405609	-1040.540649
22401.279412	117.618355	-267.282288	-1039.605469
22401.282740	117.910576	-267.925171	-1039.488525
22401.286101	118.261253	-268.801880	-1038.202881
22401.289403	118.085915	-269.503204	-1037.384521
22401.292737	118.728813	-270.321442	-1037.559937
22401.296077	119.254822	-270.730560	-1036.624756
22401.299415	119.547050	-271.431915	-1035.806519
22401.302742	120.014610	-272.250153	-1035.280518
22401.306073	120.189957	-273.711273	-1034.111694
22401.309847	120.306839	-273.945068	-1033.468750
22401.313192	120.365288	-275.172424	-1033.351807
22401.316536	120.423737	-276.049072	-1031.832275
22401.319832	120.949738	-276.516632	-1030.546387
22401.323162	121.358864	-277.276428	-1030.371094
22401.326495	121.709526	-277.802460	-1030.371094
22401.329845	121.884865	-278.737579	-1029.260742
22401.333159	122.352425	-278.737579	-1028.676147
22401.336489	122.527771	-279.848053	-1028.325562
22401.339833	122.936882	-280.140289	-1027.858032
22401.343172	123.346001	-281.192261	-1027.799561
22401.346522	122.995331	-281.718292	-1026.572144
22401.349855	123.229111	-282.594971	-1025.987793
22401.353157	124.164238	-283.120972	-1024.468140
22401.356493	123.755112	-283.530090	-1025.344849
22401.359852	124.164238	-283.997650	-1024.468140
22401.363158	123.638229	-284.932770	-1023.883667
22401.366484	124.690239	-285.517242	-1022.305603
22401.369824	125.099365	-285.400330	-1023.123840
22401.373156	124.807137	-286.218597	-1022.481018
22401.376539	125.157799	-285.809448	-1021.370544
22401.379837	124.924019	-286.686157	-1021.545837
22401.383184	125.859146	-287.212158	-1020.610718
22401.386543	125.450027	-288.614838	-1020.143127
22401.389844	125.216248	-288.907074	-1019.441833
22401.393157	125.625366	-289.725311	-1019.324890
22401.396492	125.391579	-289.374634	-1018.389832
22401.400242	125.625366	-290.075989	-1018.974243
22401.403615	125.683807	-290.251312	-1018.039185
22401.406941	125.976044	-290.777313	-1017.220886
22401.410326	126.151375	-291.420227	-1016.811768
22401.413652	126.443604	-291.770874	-1016.052002
22401.416940	126.326706	-291.946228	-1016.753296
22401.420235	126.618935	-292.472229	-1016.519592
22401.423568	126.151375	-292.004669	-1015.759766
22401.426925	126.794266	-292.705994	-1015.935059
22401.430259	126.735832	-292.822906	-1014.883057
22401.433664	127.261833	-293.699585	-1015.000000
22401.436991	127.320282	-293.348938	-1013.947998
22401.440359	126.618935	-293.582703	-1014.649353
22401.443576	126.735832	-294.167145	-1014.473938
22401.446916	126.911163	-294.693146	-1013.421936
22401.450250	126.794266	-293.933350	-1013.714172
22401.453596	127.203400	-294.576263	-1012.486877
22401.456937	127.320282	-294.751617	-1012.895874
22401.460321	127.378731	-294.926941	-1013.012817
22401.463656	127.729393	-295.219177	-1013.071289
22401.466986	127.437180	-295.862061	-1013.071289
22401.470234	127.670959	-295.978943	-1012.662170
22401.473562	127.904739	-295.628265	-1012.720642
22401.476912	127.437180	-295.978943	-1012.253052
22401.480761	127.670959	-296.329620	-1011.376404
22401.483689	127.787842	-296.212738	-1012.194580
22401.486982	127.495613	-296.154297	-1011.960815
22401.490338	127.144951	-296.388062	-1011.668640
22401.493993	127.144951	-296.504974	-1011.902344
22401.497362	127.144951	-296.738739	-1012.545227
22401.500762	127.320282	-296.680298	-1011.668640
22401.504082	126.911163	-296.563416	-1011.493225
22401.507443	126.911163	-296.563416	-1012.136169
22401.510721	127.320282	-296.504974	-1012.253052
22401.514070	126.794266	-296.797211	-1011.551697
22401.517381	126.911163	-297.147858	-1011.610168
22401.520789	126.560486	-297.381622	-1011.551697
22401.524094	126.560486	-296.972534	-1012.077759
22401.527458	126.326706	-297.030975	-1012.253052
22401.530758	126.209824	-297.381622	-1012.662170
22401.534100	126.794266	-297.089417	-1011.902344
22401.537385	126.151375	-296.914062	-1011.551697
22401.540752	126.385155	-296.446503	-1012.895874
22401.544087	126.443604	-296.738739	-1012.662170
22401.547422	125.917595	-296.738739	-1013.655701
22401.550798	125.333145	-296.212738	-1012.720642
22401.554131	125.683807	-296.621857	-1013.363464
22401.557445	125.333145	-296.095856	-1013.480408
22401.560856	125.333145	-296.388062	-1013.363464
22401.564164	125.157799	-295.920502	-1013.480408
22401.567493	124.748688	-295.920502	-1014.181763
22401.570878	124.807137	-295.511383	-1014.240173
22401.574215	124.514908	-295.452942	-1014.181763
22401.577563	124.690239	-295.277618	-1014.532410
22401.580918	124.690239	-294.576263	-1014.181763
22401.584210	124.748688	-294.225586	-1014.590881
22401.587611	123.813560	-294.400909	-1015.000000
22401.590920	123.170662	-294.868500	-1015.642883
22401.594233	123.579781	-293.816498	-1015.701294
22401.598009	123.696678	-293.699585	-1016.227356
22401.601306	122.703102	-293.407349	-1016.344177
22401.604634	122.469322	-293.641144	-1017.513123
22401.607977	122.819984	-293.290466	-1017.337830
22401.611307	122.527771	-292.998230	-1017.630005
22401.614623	122.060204	-292.764465	-1018.039185
22401.617984	121.826424	-291.712433	-1018.565125
22401.621353	121.943314	-292.004669	-1018.974243
22401.624638	121.475746	-291.478668	-1019.032715
22401.627965	120.832855	-290.894226	-1020.084717
22401.631280	121.241966	-290.368195	-1018.798950
22401.634573	120.248390	-290.251312	-1021.370544
22401.637932	120.599068	-289.842194	-1020.610718
22401.641215	119.780830	-289.491516	-1021.954956
22401.644552	119.430161	-289.316193	-1022.130310
22401.647865	119.663940	-288.147278	-1022.948547
22401.651167	119.371712	-288.381073	-1023.883667
22401.654478	118.495033	-287.621277	-1023.533020
22401.658235	118.378143	-286.861481	-1024.468140
22401.661547	118.436592	-286.861481	-1025.636963
22401.664835	117.852135	-286.277039	-1025.987793
22401.668257	117.852135	-285.926361	-1026.280029
22401.671550	117.559906	-285.751038	-1026.221558
22401.674929	116.390999	-285.166565	-1027.507324
22401.678306	116.157219	-283.997650	-1027.565674
22401.681609	116.098778	-283.880768	-1029.026855
22401.684949	115.689659	-283.763885	-1028.325562
22401.688305	115.397430	-282.887177	-1029.552856
22401.691630	114.345413	-281.718292	-1030.897095
22401.695033	114.637642	-281.484497	-1031.072510
22401.698363	114.462311	-281.192261	-1031.481567
22401.701676	113.702515	-279.964905	-1031.949219
22401.705004	113.644073	-280.198700	-1032.825806
22401.708337	113.059616	-278.503784	-1034.579224
22401.711622	112.825836	-277.802460	-1034.111694
22401.715003	112.299828	-277.217987	-1035.514282
22401.718301	112.299828	-276.925781	-1036.040405
22401.721675	111.364700	-276.224426	-1035.631226
22401.724988	111.247810	-275.289276	-1037.033936
22401.728297	111.189369	-274.471069	-1037.969116
22401.731676	110.371124	-274.237305	-1037.735229
22401.734974	109.903564	-273.419037	-1038.845703
22401.738370	108.968437	-272.308594	-1039.663940
22401.741699	109.143776	-272.074799	-1039.663940
22401.744998	107.857979	-270.964355	-1041.183472
22401.748332	108.150208	-270.555237	-1042.878418
22401.751676	107.857979	-269.094116	-1043.755127
22401.755440	107.039749	-269.094116	-1043.345947
22401.758341	106.864410	-268.334320	-1044.573364
22401.761692	106.455292	-267.457611	-1045.391602
22401.765447	105.753952	-266.405609	-1046.151367
22401.768742	105.403275	-265.587372	-1047.787842
22401.772103	104.643486	-264.126251	-1048.430786
22401.775414	104.117477	-263.775543	-1048.898315
22401.778712	103.416138	-263.074219	-1050.593262
22401.782038	103.065460	-261.554626	-1051.177612
22401.785371	102.656342	-260.502625	-1051.177612
22401.788751	101.604324	-259.918182	-1052.931030
22401.792042	101.253654	-258.807709	-1052.638794
22401.795389	100.435417	-257.814148	-1054.099854
22401.798751	100.026299	-257.288147	-1054.099854
22401.802066	99.441849	-255.534760	-1055.853271
22401.805366	99.383408	-254.833435	-1056.262451
22401.808692	98.214500	-253.430756	-1057.840454
22401.811990	98.448280	-252.320282	-1058.074219
22401.815437	97.454704	-252.086487	-1058.307983
22401.818703	96.694916	-250.625366	-1059.535400
22401.822016	96.227356	-250.216248	-1059.652344
22401.825353	96.052017	-248.579773	-1061.697876
22401.829100	95.000000	-247.936890	-1061.873291
22401.832684	95.058449	-246.475739	-1063.451294
22401.836013	94.006432	-246.300415	-1064.970825
22401.839353	93.480423	-244.079483	-1065.146118
22401.842684	92.720627	-242.501465	-1066.665771
22401.846013	92.077736	-241.390991	-1067.308594
22401.849353	91.785507	-240.455856	-1067.659302
22401.852680	90.850380	-239.170074	-1069.178833
22401.856011	89.798363	-238.001175	-1069.529541
22401.859352	89.915253	-236.540024	-1070.406250
22401.862683	89.447693	-235.371124	-1070.756958
22401.866034	88.161896	-234.552872	-1071.166016
22401.869372	87.343658	-232.916412	-1071.808960
22401.872677	86.583870	-231.747498	-1072.334961
22401.876013	85.707191	-230.169479	-1073.386963
22401.879345	84.538284	-229.234360	-1074.088257
22401.882692	84.129166	-228.416122	-1074.906494
22401.886015	83.486267	-227.481003	-1075.490967
22401.889350	82.901810	-225.669189	-1076.718262
22401.892676	81.732903	-224.441833	-1077.478149
22401.896016	81.440674	-223.448273	-1079.289917
22401.899342	81.090004	-221.811813	-1079.348389
22401.902676	80.271767	-220.759796	-1080.984863
22401.906008	79.628876	-219.064880	-1081.627686
22401.909342	78.401520	-218.071304	-1082.036865
22401.912698	77.641731	-216.493271	-1083.498047
22401.916008	76.589714	-214.915253	-1084.082397
22401.919342	75.713036	-213.512558	-1085.309814
22401.922675	75.654594	-211.583862	-1085.076050
22401.926007	74.310349	-210.064285	-1085.485107
22401.929362	74.018112	-208.720032	-1086.829346
22401.932678	72.732315	-207.025116	-1086.946289
22401.936011	72.147865	-205.680893	-1088.290527
22401.939342	71.154297	-204.453537	-1088.232056
22401.942672	70.394508	-202.232620	-1089.167236
22401.946009	69.868500	-201.297485	-1089.459473
22401.949340	68.699593	-199.602570	-1090.979004
22401.952669	68.524254	-198.024551	-1091.621826
22401.956005	67.238457	-196.212738	-1092.206421
22401.959340	66.244888	-194.342484	-1092.264893
22401.962673	65.485100	-192.647568	-1093.141479
22401.966429	64.842201	-191.420212	-1094.485718
22401.969774	64.082413	-189.433075	-1095.537720
22401.973090	63.322617	-188.673294	-1095.771484
22401.976450	62.855057	-186.452362	-1096.940430
22401.979790	61.335480	-184.757446	-1096.823486
22401.983179	60.575684	-182.887207	-1097.758667
22401.986422	59.991234	-181.192291	-1097.758667
22401.989767	59.056107	-179.322037	-1099.044434
22401.993101	58.296318	-177.802444	-1098.869141
22401.996424	56.835182	-176.049088	-1099.278198
22401.999775	56.309174	-174.646408	-1100.330200
22402.003090	55.432495	-172.600815	-1100.739380
22402.006423	54.614265	-171.022797	-1101.616089
22402.009784	53.912918	-168.918762	-1101.674438
22402.013118	52.860901	-167.048508	-1102.375854
22402.016471	51.107536	-165.119812	-1102.375854
22402.019760	50.873756	-162.548218	-1103.135620
22402.023099	49.880188	-160.794846	-1103.661621
22402.026420	48.769726	-159.216827	-1103.778564
22402.029770	47.834602	-157.872589	-1104.187622
22402.033091	47.016365	-155.593216	-1105.239624
22402.036452	46.139687	-153.839859	-1104.830566
22402.039758	45.379898	-151.502045	-1104.947510
22402.043109	44.678551	-149.281113	-1106.350098
22402.046454	43.684982	-147.703094	-1107.168335
22402.050258	42.925190	-145.657501	-1108.161865
22402.053518	41.230278	-143.495026	-1108.512573
22402.056841	40.704269	-141.507874	-1108.161865
22402.060169	39.827583	-139.988312	-1108.629517
22402.063529	38.658680	-138.176514	-1109.213867
22402.066880	38.074226	-136.014023	-1109.155518
22402.070280	36.788429	-134.611343	-1109.447754
22402.073586	35.794857	-132.448853	-1109.681519
22402.076865	35.268848	-130.520157	-1108.629517
22402.080215	33.632378	-128.942139	-1109.447754
22402.083502	32.755699	-127.071884	-1109.798462
22402.086872	32.288136	-124.324951	-1110.675049
22402.090210	31.119228	-122.162476	-1110.675049
22402.093581	29.891876	-119.883102	-1110.441284
22402.096948	28.839859	-118.305084	-1110.616699
22402.100267	28.372297	-116.142609	-1110.499756
22402.103547	27.670952	-113.980118	-1110.850464
22402.106846	26.385155	-111.759201	-1110.908936
22402.110171	25.216248	-109.538284	-1110.733521
22402.113526	23.930450	-107.025131	-1111.493286
22402.116864	23.638224	-104.511978	-1111.201050
22402.120255	22.235535	-103.167740	-1110.675049
22402.123611	21.066628	-100.654587	-1111.843994
22402.126887	19.488604	-98.784332	-1111.668701
22402.130622	17.676798	-97.323196	-1111.843994
22402.133954	16.683228	-94.459381	-1111.376465
22402.137367	15.923437	-92.472244	-1112.253052
22402.140732	14.696085	-89.783752	-1112.311523
22402.144063	13.877850	-87.971939	-1112.895996
22402.147367	12.825833	-86.335480	-1112.486938
22402.150674	11.890707	-83.588547	-1111.960937
22402.154001	10.955582	-81.776749	-1112.253052
22402.157435	9.669784	-79.322037	-1111.201050
22402.160710	8.734658	-77.451782	-1110.967285
22402.164011	7.098188	-75.815308	-1110.908936
22402.167360	6.747517	-72.367035	-1111.084229
22402.170716	5.286383	-70.496780	-1110.675049
22402.174010	4.643484	-68.275864	-1109.798462
22402.177382	3.883694	-66.347168	-1109.798462
22402.180700	2.364115	-64.184692	-1108.921753
22402.184051	1.312099	-61.788425	-1109.564575
22402.187338	1.195208	-59.275280	-1108.337280
22402.190680	0.026302	-57.521915	-1108.980225
22402.194001	-1.668615	-55.242550	-1108.571045
22402.197386	-2.253069	-52.495613	-1107.928223
22402.200760	-3.597311	-50.625362	-1107.986572
22402.204044	-5.058445	-47.819988	-1107.402100
22402.207335	-5.526009	-45.832844	-1106.993042
22402.211172	-6.987143	-43.787254	-1106.525391
22402.214455	-7.571594	-41.449444	-1106.642334
22402.217742	-9.441845	-38.994740	-1105.824097
22402.221035	-10.318525	-37.416714	-1104.889038
22402.224457	-11.136761	-34.494450	-1105.473389
22402.227739	-12.364115	-32.098190	-1104.187622
22402.231101	-13.357687	-30.227936	-1103.252441
22402.234403	-14.175920	-28.065456	-1102.901855
22402.237708	-14.877264	-25.727646	-1102.551147
22402.241075	-16.104616	-23.623611	-1102.142090
22402.244363	-16.981298	-21.578022	-1101.031616
22402.247688	-18.033312	-18.305084	-1101.265381
22402.250988	-19.143774	-16.727060	-1099.570435
22402.254325	-19.962008	-15.032146	-1099.278198
22402.257659	-20.663351	-11.934542	-1098.459961
22402.260983	-22.299826	-10.181179	-1097.758667
22402.264730	-22.884279	-7.960257	-1097.407959
22402.268094	-24.170076	-5.973116	-1096.531250
22402.271375	-24.637640	-3.518410	-1096.472778
22402.274758	-25.748098	-1.297486	-1095.596191
22402.278065	-26.741671	0.631210	-1094.485718
22402.281438	-27.735243	3.202806	-1094.485718
22402.284697	-28.962595	5.014611	-1093.959717
22402.288076	-29.722383	7.352426	-1093.141479
22402.291386	-30.774401	9.281122	-1093.024658
22402.294723	-31.358854	12.846289	-1091.680298
22402.298059	-32.878433	14.658094	-1090.160767
22402.301357	-34.105782	17.112801	-1090.803589
22402.304683	-34.748688	19.333723	-1089.751587
22402.307961	-35.917587	21.262421	-1088.407471
22402.311331	-36.443604	22.840445	-1088.173584
22402.314675	-37.437172	25.528931	-1085.952637
22402.318000	-38.430740	27.983635	-1085.718872
22402.321303	-40.067215	29.561659	-1083.848633
22402.324611	-40.651665	31.548803	-1083.790161
22402.328400	-41.879013	33.769726	-1082.153809
22402.331740	-42.755699	36.165985	-1081.861450
22402.335043	-43.281700	38.270020	-1080.867920
22402.338395	-43.924606	40.257156	-1080.225098
22402.341718	-45.210403	42.127411	-1080.400391
22402.345005	-45.561073	44.932789	-1078.705444
22402.348345	-46.729980	46.510811	-1077.595093
22402.351628	-47.898888	49.140854	-1077.010498
22402.354981	-48.132668	51.011105	-1074.789551
22402.358267	-49.360023	53.232029	-1074.672729
22402.361574	-50.119812	55.160725	-1073.562378
22402.364893	-51.580948	57.089420	-1072.159546
22402.368184	-51.639389	59.018116	-1071.808960
22402.371529	-53.568085	61.472824	-1070.873779
22402.375250	-53.451195	63.635300	-1070.932251
22402.378581	-54.561661	65.447105	-1068.886597
22402.381913	-55.847458	67.317352	-1068.185303
22402.385259	-56.782585	69.070717	-1066.899536
22402.388614	-57.425476	71.583870	-1065.964355
22402.391905	-58.652832	73.512558	-1064.854004
22402.395266	-59.178841	75.616608	-1063.802002
22402.398572	-60.464638	77.603745	-1061.697876
22402.401921	-60.523087	79.590881	-1060.879639
22402.405212	-61.516655	81.578018	-1059.652344
22402.408563	-62.159554	83.857391	-1058.892578
22402.411899	-62.802452	85.786087	-1057.606689
22402.415233	-63.620689	87.890121	-1056.320923
22402.418546	-64.731148	89.409698	-1055.444214
22402.421867	-66.075394	90.929276	-1053.632446
22402.425157	-66.601402	93.267105	-1052.405029
22402.428932	-67.302742	95.020462	-1051.353027
22402.432630	-67.828751	97.533600	-1050.651733
22402.435962	-69.056107	99.170074	-1049.833496
22402.439292	-69.582115	100.397430	-1048.547607
22402.442623	-70.926361	102.384567	-1047.612549
22402.446007	-71.569252	104.605499	-1046.618896
22402.449297	-71.919930	105.949738	-1045.333130
22402.452623	-72.504379	107.936874	-1044.690308
22402.455958	-73.497955	110.216248	-1043.872070
22402.459288	-75.075974	111.911163	-1042.820068
22402.462618	-75.192863	113.372299	-1040.832886
22402.465993	-75.835770	114.950333	-1038.611938
22402.469294	-76.537109	117.112793	-1038.904175
22402.472623	-77.589127	118.515488	-1037.384521
22402.475956	-78.465805	120.502625	-1036.274170
22402.479305	-78.465805	122.255997	-1034.520752
22402.482622	-79.693161	123.483337	-1033.936279
22402.485947	-80.160721	125.119812	-1031.540039
22402.489282	-80.686737	126.814728	-1029.845093
22402.492614	-81.446526	128.801880	-1029.202271
22402.495954	-82.264755	130.379898	-1028.500854
22402.499287	-83.141434	132.133255	-1027.916382
22402.502622	-83.433662	134.237289	-1025.753906
22402.505952	-83.842773	135.932205	-1023.942139
22402.509305	-84.836349	137.510239	-1023.591431
22402.512633	-85.479248	138.737595	-1022.013428
22402.515948	-85.888374	140.257156	-1021.545837
22402.519282	-86.940384	141.542969	-1020.902954
22402.522635	-87.174164	143.880783	-1019.032715
22402.525949	-88.050842	145.283463	-1018.798950
22402.529281	-88.693748	146.919937	-1015.759766
22402.532619	-89.219757	148.439514	-1015.409119
22402.535944	-89.336639	149.666870	-1014.240173
22402.539280	-90.388664	151.069550	-1012.837524
22402.542618	-91.031563	152.413788	-1011.843872
22402.545943	-91.674454	153.758041	-1010.324341
22402.549282	-92.492699	155.277618	-1009.389221
22402.552634	-92.668030	157.264771	-1007.694275
22402.555948	-93.310928	158.082993	-1006.350037
22402.559279	-93.369377	160.713043	-1005.765686
22402.562608	-94.304497	162.057281	-1005.356506
22402.565948	-94.421387	163.167740	-1003.720032
22402.569276	-94.947395	164.395096	-1002.492615
22402.572607	-95.765633	165.564011	-1001.440674
22402.575942	-95.940971	167.025131	-999.804138
22402.579332	-96.876091	168.194031	-999.453491
22402.582608	-97.460541	169.362946	-998.284668
22402.585949	-97.343658	170.414963	-997.232544
22402.589277	-98.337227	171.817657	-996.239014
22402.593028	-98.746346	173.687912	-995.303833
22402.596396	-99.623024	174.856812	-993.608948
22402.599712	-99.681473	176.376404	-993.082947
22402.603031	-100.675041	176.727066	-992.440063
22402.606370	-101.902397	178.129745	-991.154297
22402.609696	-101.843948	179.590881	-990.803528
22402.613075	-101.902397	180.993576	-988.173523
22402.616384	-102.662178	181.811798	-988.115173
22402.619723	-103.655754	182.922272	-987.179993
22402.623027	-103.421974	184.149628	-986.127991
22402.626392	-104.240211	186.078323	-985.543579
22402.629702	-104.415543	186.195221	-984.199280
22402.633032	-105.233772	187.831680	-983.848572
22402.636361	-105.993568	189.000595	-981.744629
22402.639708	-106.344246	189.818817	-981.393921
22402.643034	-106.052017	191.104614	-980.049622
22402.646357	-106.519577	191.689072	-978.646973
22402.649710	-106.578026	192.974869	-978.822266
22402.653053	-107.571602	194.026901	-977.887207
22402.656436	-107.337814	195.429581	-976.367615
22402.659693	-107.922264	196.832275	-975.549316
22402.663035	-108.623611	197.416718	-974.672729
22402.666358	-108.506729	198.819412	-974.088196
22402.669709	-109.383408	199.579193	-972.334900
22402.673469	-109.558731	200.397430	-971.750366
22402.676405	-109.617187	200.981888	-970.347717
22402.680139	-109.734070	202.384567	-969.763306
22402.683531	-110.143188	202.910583	-969.295715
22402.686868	-110.493866	204.313278	-968.652832
22402.690116	-110.610764	204.839279	-967.717651
22402.693452	-111.195206	205.774414	-967.133240
22402.696786	-111.312103	206.943314	-965.730530
22402.700154	-111.896545	206.943314	-964.444763
22402.703474	-112.247223	208.053772	-963.684998
22402.706889	-112.422562	208.813568	-962.808228
22402.710244	-112.831680	209.631790	-962.223816
22402.713529	-113.182358	210.274704	-961.522522
22402.716784	-113.182358	210.976028	-960.470398
22402.720145	-113.708344	211.794281	-959.652283
22402.723439	-113.591461	212.378723	-958.307983
22402.726805	-113.825241	212.670959	-958.483337
22402.730163	-114.409698	213.956741	-957.314392
22402.733524	-114.701920	214.482773	-957.372864
22402.736845	-114.292816	215.067230	-956.613098
22402.740139	-115.169479	216.353012	-955.736389
22402.743450	-115.111038	216.411453	-955.444153
22402.746771	-115.929276	217.112808	-954.742859
22402.750129	-115.695496	217.872604	-953.632385
22402.753459	-116.104614	218.690826	-952.463440
22402.756854	-116.104614	219.099930	-953.047852
22402.760206	-115.987732	220.151962	-952.755676
22402.763553	-116.279938	220.853317	-951.937439
22402.767228	-116.922852	221.554642	-950.651672
22402.770556	-116.922852	221.379303	-950.593201
22402.773973	-117.682648	222.489777	-949.950317
22402.777325	-117.448868	223.308014	-949.774963
22402.780653	-117.507294	223.775589	-948.606018
22402.783963	-117.741089	224.184692	-948.372314
22402.787300	-117.799530	224.301590	-947.028015
22402.790584	-117.741089	224.886047	-946.794250
22402.793960	-117.857971	224.827576	-946.794250
22402.797275	-118.033310	225.587372	-945.625305
22402.800641	-118.383987	225.470474	-945.391602
22402.803976	-118.909988	225.996506	-945.333130
22402.807285	-118.500870	226.113403	-944.690247
22402.810581	-118.851547	226.931625	-945.216187
22402.813967	-118.734650	227.399185	-943.988831
22402.817273	-119.552902	227.866745	-943.521362
22402.820598	-119.377548	228.217422	-943.813538
22402.823931	-118.968430	228.626541	-943.813538
22402.827255	-118.851547	228.626541	-943.579773
22402.830615	-118.968430	229.210999	-942.820007
22402.833980	-118.909988	229.561676	-942.235474
22402.837273	-119.786682	229.620102	-942.352417
22402.840619	-119.786682	229.503204	-941.125061
22402.843930	-119.845108	230.146133	-941.592651
22402.847744	-119.962006	231.081253	-941.066589
22402.851046	-119.669785	230.964355	-940.715881
22402.854364	-119.845108	230.964355	-940.248352
22402.857673	-119.494446	230.964355	-940.014587
22402.860982	-119.611328	231.256592	-939.839294
22402.864287	-119.552902	231.548813	-940.482178
22402.867573	-119.669785	232.016373	-940.189941
22402.871007	-120.663361	231.490356	-939.196350
22402.874339	-119.962006	231.957916	-939.196350
22402.877637	-119.494446	232.250153	-939.956116
22402.881006	-119.845108	232.717712	-939.488525
22402.884365	-120.312683	231.957916	-939.897644
22402.887728	-119.845108	232.834610	-939.371704
22402.891052	-119.728226	232.308578	-939.137878
22402.894364	-119.903564	232.951508	-939.196350
22402.897719	-119.494446	232.893051	-939.079529
22402.900987	-119.845108	232.776154	-939.079529
22402.904331	-120.195786	232.425476	-938.787170
22402.907632	-119.552902	232.659271	-939.430176
22402.910992	-119.669785	232.425476	-938.962585
22402.914347	-119.669785	232.016373	-939.488525
22402.917665	-119.202225	232.951508	-939.021057
22402.920963	-120.078888	233.009949	-940.131531
22402.924304	-119.377548	232.951508	-939.663940
22402.928071	-119.728226	233.243713	-939.663940
22402.931020	-118.968430	232.659271	-940.014587
22402.934748	-119.085327	232.600815	-940.365234
22402.938041	-119.669785	232.717712	-940.423706
22402.941358	-119.436005	232.308578	-940.365234
22402.944659	-119.436005	232.074814	-939.839294
22402.947986	-119.202225	231.957916	-940.306763
22402.951278	-119.026886	231.665695	-940.599060
22402.954643	-118.968430	232.191711	-940.657471
22402.957977	-118.559326	231.490356	-940.657471
22402.961282	-118.442429	231.022797	-941.300415
22402.964596	-118.734650	231.198120	-941.300415
22402.967880	-118.033310	231.081253	-940.657471
22402.971650	-118.909988	230.789032	-942.118591
22402.974959	-118.091766	231.315018	-941.884827
22402.978365	-117.857971	230.087662	-941.651062
22402.981683	-117.799530	230.146133	-941.767883
22402.985030	-118.033310	230.029236	-943.229126
22402.988369	-118.091766	229.386337	-943.112183
22402.991682	-117.682648	229.035645	-943.229126
22402.994999	-116.981308	229.269440	-944.164185
22402.998332	-116.630615	228.860321	-943.813538
22403.001621	-116.747513	228.392746	-944.807068
22403.004989	-116.572174	227.632965	-945.508423
22403.008315	-116.221512	228.217422	-946.326660
22403.011629	-116.338394	227.165390	-946.443604
22403.014942	-116.630615	226.171829	-946.618896
22403.018248	-116.104614	226.230270	-947.144897
22403.021619	-115.929276	225.528931	-947.378662
22403.024972	-115.637054	225.295151	-947.729309
22403.028332	-115.286377	224.886047	-948.664490
22403.031631	-115.286377	224.535355	-948.781433
22403.034945	-114.935699	223.834015	-949.774963
22403.038321	-114.292816	223.600220	-950.359375
22403.041656	-113.766800	223.658691	-950.301025
22403.044939	-113.649918	222.548233	-951.878967
22403.048287	-113.649918	221.846878	-951.937439
22403.052045	-113.591461	221.203979	-952.931030
22403.055345	-112.948563	221.028641	-952.346558
22403.058673	-113.474564	220.210419	-952.931030
22403.062033	-112.773224	220.035080	-954.392151
22403.065372	-112.481003	219.392166	-955.151978
22403.068678	-112.247223	218.924606	-955.385681
22403.072007	-112.305664	218.398605	-956.379272
22403.075305	-111.604324	218.106369	-957.314392
22403.078676	-111.428986	217.288147	-958.249512
22403.081985	-110.844543	216.820587	-958.074219
22403.085328	-110.435410	215.768555	-959.184692
22403.088680	-110.084747	215.008759	-959.126221
22403.091974	-109.909409	214.365875	-960.236694
22403.095320	-109.032730	213.839874	-960.879517
22403.098618	-109.032730	213.021622	-961.639343
22403.101940	-108.389832	212.203384	-963.158936
22403.105700	-108.331375	211.677399	-963.918701
22403.109228	-108.565155	210.683807	-964.152527
22403.112553	-107.513153	209.982468	-964.035645
22403.115892	-107.396255	209.164230	-965.905884
22403.119221	-107.104027	208.053772	-966.373474
22403.122555	-106.811806	207.644653	-967.133240
22403.125888	-106.285797	206.884872	-968.535950
22403.129227	-106.578026	205.891296	-969.237244
22403.132580	-105.526001	205.014618	-970.172424
22403.135890	-105.058441	204.663940	-971.692017
22403.139223	-104.883110	203.261246	-972.217957
22403.142557	-104.824661	202.209244	-973.153137
22403.145890	-104.590881	201.566345	-973.386902
22403.149219	-103.889534	200.455872	-975.666260
22403.152552	-103.538864	199.929871	-975.958496
22403.155886	-102.895958	198.644073	-976.484497
22403.159225	-102.311516	197.182938	-976.952026
22403.162551	-102.194618	197.007599	-978.004089
22403.165888	-101.610168	195.546463	-979.289856
22403.169215	-100.675041	194.436005	-981.277039
22403.172550	-100.791931	193.442429	-981.101624
22403.175900	-100.149033	192.039749	-981.803040
22403.179213	-99.389236	191.279953	-982.562744
22403.182552	-98.512566	190.052597	-984.666870
22403.185886	-98.629463	188.766815	-985.017517
22403.189215	-97.635887	187.130341	-986.069519
22403.192622	-96.934540	186.545883	-986.712402
22403.195890	-96.876091	185.493866	-988.115173
22403.199214	-96.466980	184.149628	-989.225586
22403.202550	-95.882523	182.980728	-990.862000
22403.205887	-94.830513	181.753372	-991.855652
22403.209213	-94.713615	180.759796	-992.498535
22403.212548	-93.895386	180.116898	-993.550537
22403.215885	-93.603157	179.006424	-993.842712
22403.219246	-93.427826	177.954422	-996.122131
22403.222551	-92.726479	176.668610	-997.583252
22403.225880	-92.726479	175.265930	-997.875549
22403.229634	-92.083572	174.623032	-998.752136
22403.232970	-90.856224	172.869659	-1001.440674
22403.236348	-90.388664	171.233200	-1001.206909
22403.239666	-90.037987	170.005859	-1002.317383
22403.243024	-89.511978	168.953827	-1003.018677
22403.246308	-88.927528	167.434265	-1004.012207
22403.249646	-88.752182	165.797791	-1005.239624
22403.252970	-87.407944	164.511978	-1005.999390
22403.256298	-87.174164	163.459961	-1006.583801
22403.259639	-86.706596	161.998840	-1007.986572
22403.262979	-85.829926	159.953247	-1010.674988
22403.266298	-85.537689	159.076569	-1010.616638
22403.269663	-84.719467	157.323212	-1012.253052
22403.273001	-84.719467	156.271194	-1013.889526
22403.276326	-83.492111	154.985382	-1014.123291
22403.279677	-83.258331	153.524261	-1015.292175
22403.282969	-82.440086	151.946228	-1016.461121
22403.286300	-81.797195	150.543549	-1018.097595
22403.289629	-81.563408	148.731735	-1019.091125
22403.292992	-80.569839	147.387497	-1020.318542
22403.296295	-79.810051	146.101700	-1021.662720
22403.299626	-78.874924	144.874344	-1023.123840
22403.302960	-78.465805	143.004089	-1022.948547
22403.306321	-77.822906	141.542969	-1024.351318
22403.309651	-77.004677	139.906494	-1025.812378
22403.313028	-76.186440	138.328461	-1026.513672
22403.316725	-75.718880	136.925766	-1028.267090
22403.320054	-74.374634	135.230850	-1029.319214
22403.323421	-74.491524	133.652832	-1030.195801
22403.326752	-73.322617	131.665695	-1031.656860
22403.330075	-72.621269	129.678543	-1032.182983
22403.333473	-72.445938	127.983627	-1034.053223
22403.336828	-71.569252	126.697845	-1035.514282
22403.340143	-71.393921	124.710693	-1036.098877
22403.343386	-70.108116	123.366455	-1036.390991
22403.346715	-69.465225	121.554657	-1037.442993
22403.350086	-68.763878	119.859741	-1038.085937
22403.353409	-67.478081	117.989487	-1039.137939
22403.356741	-67.127411	116.762131	-1041.475708
22403.360134	-66.367615	114.833435	-1042.820068
22403.363459	-65.958504	113.255402	-1044.281128
22403.366747	-64.964928	111.911163	-1045.566895
22403.370054	-63.912910	109.456451	-1045.800781
22403.373381	-63.386909	107.527756	-1047.028076
22403.376737	-62.860901	105.891296	-1048.021606
22403.380107	-61.984222	104.488602	-1050.710205
22403.383481	-60.990646	102.326126	-1050.593262
22403.386782	-60.172409	100.338974	-1051.703735
22403.390054	-59.295731	98.293396	-1052.931030
22403.393837	-58.477493	96.423141	-1055.794922
22403.397161	-57.893044	94.728226	-1054.567505
22403.400607	-57.016365	92.974869	-1055.151978
22403.403482	-56.315018	91.338394	-1057.255981
22403.407224	-55.847458	89.292816	-1057.723633
