time (s)	det(V)
22399.709922	0.385614	
22399.711478	0.384361	
22399.712988	0.389344	
22399.714586	0.395032	
22399.716079	0.392257	
22399.717684	0.397631	
22399.719178	0.395802	
22399.720758	0.395085	
22399.722260	0.397050	
22399.723835	0.401393	
22399.725360	0.404684	
22399.726917	0.414227	
22399.728468	0.411577	
22399.729997	0.407492	
22399.731553	0.418707	
22399.733072	0.414509	
22399.734664	0.414296	
22399.736156	0.413929	
22399.737719	0.418735	
22399.739244	0.415460	
22399.740848	0.418058	
22399.742336	0.417144	
22399.743899	0.424697	
22399.745410	0.422655	
22399.746978	0.430087	
22399.748500	0.419670	
22399.750031	0.425297	
22399.751599	0.420713	
22399.753117	0.419895	
22399.754699	0.425688	
22399.756196	0.426312	
22399.757794	0.420137	
22399.759287	0.416141	
22399.760874	0.417462	
22399.762377	0.416697	
22399.763937	0.413019	
22399.765466	0.414441	
22399.767031	0.413454	
22399.768550	0.410328	
22399.770076	0.394098	
22399.771645	0.411097	
22399.773132	0.396092	
22399.774729	0.392128	
22399.776223	0.403677	
22399.777818	0.391906	
22399.779317	0.396615	
22399.780878	0.399935	
22399.782416	0.406231	
22399.783983	0.399226	
22399.785519	0.411484	
22399.787028	0.410570	
22399.788590	0.411411	
22399.790117	0.406122	
22399.791705	0.396221	
22399.793191	0.401244	
22399.794767	0.407307	
22399.796287	0.401433	
22399.797876	0.400756	
22399.799379	0.413571	
22399.800935	0.413301	
22399.802471	0.410920	
22399.804016	0.412145	
22399.805556	0.414215	
22399.807064	0.416560	
22399.808650	0.417337	
22399.810168	0.424914	
22399.811769	0.419392	
22399.813259	0.416733	
22399.814832	0.422763	
22399.816349	0.414759	
22399.817941	0.418244	
22399.819439	0.419968	
22399.820994	0.419633	
22399.822520	0.416749	
22399.824096	0.420209	
22399.825631	0.406283	
22399.827172	0.413148	
22399.828711	0.411238	
22399.830220	0.404503	
22399.831787	0.399379	
22399.833305	0.388249	
22399.834911	0.400898	
22399.836406	0.393973	
22399.837968	0.394710	
22399.839486	0.395693	
22399.841060	0.388845	
22399.842583	0.390581	
22399.844097	0.383181	
22399.845658	0.377372	
22399.847173	0.381090	
22399.848763	0.373779	
22399.850239	0.369404	
22399.851830	0.370552	
22399.853340	0.372450	
22399.854934	0.366302	
22399.856427	0.365972	
22399.857993	0.368836	
22399.859519	0.365618	
22399.861081	0.367515	
22399.862606	0.372679	
22399.864163	0.360900	
22399.865716	0.365295	
22399.867239	0.361476	
22399.868794	0.371894	
22399.870320	0.366202	
22399.871909	0.362629	
22399.873408	0.365940	
22399.875001	0.362048	
22399.876527	0.367257	
22399.878116	0.364929	
22399.879610	0.365811	
22399.881169	0.367386	
22399.882690	0.372659	
22399.884262	0.368240	
22399.885792	0.363559	
22399.887322	0.361053	
22399.888881	0.359950	
22399.890415	0.360010	
22399.892008	0.359764	
22399.893492	0.353517	
22399.895110	0.353657	
22399.896605	0.352961	
22399.898219	0.348421	
22399.899705	0.347470	
22399.901335	0.352606	
22399.903012	0.343083	
22399.904587	0.351265	
22399.906296	0.344425	
22399.907853	0.340485	
22399.909569	0.325479	
22399.911122	0.327558	
22399.912830	0.323010	
22399.914387	0.319284	
22399.916098	0.310816	
22399.917610	0.310595	
22399.919386	0.306607	
22399.920863	0.317358	
22399.922642	0.297922	
22399.924128	0.302163	
22399.925889	0.307992	
22399.927366	0.297918	
22399.929142	0.299460	
22399.930629	0.299154	
22399.932406	0.300387	
22399.933893	0.295501	
22399.935656	0.290099	
22399.937172	0.288451	
22399.938889	0.291166	
22399.940415	0.289571	
22399.942131	0.289043	
22399.943668	0.294381	
22399.945389	0.292693	
22399.946944	0.288052	
22399.948643	0.289361	
22399.950206	0.284032	
22399.951900	0.294421	
22399.953467	0.291110	
22399.955127	0.288229	
22399.956716	0.286534	
22399.958362	0.282703	
22399.959975	0.274936	
22399.961612	0.281035	
22399.963224	0.285100	
22399.964858	0.269981	
22399.966505	0.267069	
22399.968105	0.267637	
22399.969772	0.259201	
22399.971344	0.252160	
22399.973030	0.239761	
22399.974600	0.241932	
22399.976293	0.240728	
22399.977874	0.237094	
22399.979578	0.235724	
22399.981135	0.226963	
22399.982844	0.231406	
22399.984383	0.219293	
22399.986119	0.209528	
22399.987652	0.211317	
22399.989385	0.215539	
22399.990875	0.207679	
22399.992648	0.203651	
22399.994134	0.199828	
22399.995913	0.205951	
22399.997392	0.201238	
22399.999188	0.202269	
22400.000671	0.190527	
22400.002447	0.188819	
22400.003933	0.180009	
22400.005664	0.184504	
22400.007167	0.196799	
22400.008910	0.184448	
22400.010427	0.191449	
22400.012163	0.188521	
22400.013689	0.188633	
22400.015398	0.188545	
22400.016937	0.189282	
22400.018641	0.186261	
22400.020203	0.173330	
22400.021889	0.186664	
22400.023479	0.179384	
22400.025064	0.173024	
22400.026658	0.177918	
22400.028211	0.172512	
22400.029845	0.166623	
22400.031346	0.174357	
22400.033056	0.166506	
22400.034541	0.165829	
22400.036275	0.161889	
22400.037742	0.154248	
22400.039456	0.143250	
22400.040939	0.145047	
22400.042646	0.139661	
22400.044128	0.141929	
22400.045842	0.131862	
22400.047324	0.130815	
22400.049012	0.122629	
22400.050531	0.123705	
22400.052181	0.116502	
22400.053717	0.115689	
22400.055352	0.109658	
22400.056894	0.106669	
22400.058493	0.100486	
22400.060074	0.088433	
22400.061630	0.097819	
22400.063241	0.077516	
22400.064766	0.091498	
22400.066466	0.081843	
22400.067938	0.084062	
22400.069649	0.078370	
22400.071122	0.072013	
22400.072819	0.071087	
22400.074299	0.064630	
22400.075998	0.065556	
22400.077478	0.069717	
22400.079186	0.069520	
22400.080680	0.069472	
22400.082375	0.065544	
22400.083877	0.066245	
22400.085552	0.064589	
22400.087066	0.060601	
22400.088701	0.060444	
22400.090253	0.058031	
22400.091870	0.059828	
22400.093465	0.063429	
22400.095032	0.044931	
22400.096631	0.041865	
22400.098183	0.040157	
22400.099858	0.034695	
22400.101353	0.030506	
22400.103057	0.024572	
22400.104530	0.026739	
22400.106223	0.017877	
22400.107699	0.016850	
22400.109336	0.014545	
22400.110816	0.009897	
22400.112440	0.009321	
22400.113953	0.005200	
22400.115525	0.005022	
22400.117068	0.000910	
22400.118600	-0.005560	
22400.120203	-0.010462	
22400.121698	-0.013794	
22400.123368	-0.016549	
22400.124877	-0.025170	
22400.126526	-0.026684	
22400.128018	-0.033641	
22400.129661	-0.029746	
22400.131158	-0.037142	
22400.132786	-0.039744	
22400.134272	-0.045166	
22400.135924	-0.046435	
22400.137405	-0.044598	
22400.139028	-0.050544	
22400.140532	-0.050363	
22400.142106	-0.054657	
22400.143651	-0.055898	
22400.145146	-0.055032	
22400.146800	-0.061831	
22400.148291	-0.064869	
22400.149912	-0.064551	
22400.151437	-0.064921	
22400.153081	-0.066311	
22400.154568	-0.074021	
22400.156218	-0.076180	
22400.157701	-0.080559	
22400.159331	-0.077566	
22400.160802	-0.079850	
22400.162447	-0.079206	
22400.163936	-0.081498	
22400.165509	-0.084853	
22400.167054	-0.083717	
22400.168600	-0.085522	
22400.170207	-0.090694	
22400.171692	-0.091947	
22400.173340	-0.094336	
22400.174838	-0.100165	
22400.176481	-0.104459	
22400.177960	-0.105289	
22400.179612	-0.107178	
22400.181083	-0.114586	
22400.182717	-0.114808	
22400.184197	-0.115658	
22400.185839	-0.117922	
22400.187334	-0.123142	
22400.188931	-0.126692	
22400.190464	-0.130627	
22400.192012	-0.134361	
22400.193596	-0.137161	
22400.195084	-0.139598	
22400.196753	-0.152134	
22400.198239	-0.147212	
22400.199858	-0.153141	
22400.201375	-0.151965	
22400.202997	-0.158137	
22400.204476	-0.165895	
22400.206040	-0.166374	
22400.207542	-0.167736	
22400.209100	-0.172268	
22400.210633	-0.180659	
22400.212132	-0.183015	
22400.213700	-0.183624	
22400.215222	-0.187394	
22400.216812	-0.185070	
22400.218300	-0.187596	
22400.219878	-0.189803	
22400.221398	-0.191068	
22400.222982	-0.190424	
22400.224488	-0.194637	
22400.226027	-0.194504	
22400.227557	-0.200680	
22400.229091	-0.198722	
22400.230667	-0.200724	
22400.232150	-0.201155	
22400.233733	-0.200547	
22400.235253	-0.197312	
22400.236836	-0.201413	
22400.238324	-0.200728	
22400.239894	-0.201139	
22400.241407	-0.203612	
22400.242983	-0.205663	
22400.244486	-0.204970	
22400.246009	-0.207028	
22400.247566	-0.212241	
22400.249114	-0.214364	
22400.250676	-0.216745	
22400.252171	-0.218211	
22400.253756	-0.221555	
22400.255275	-0.221413	
22400.256868	-0.225716	
22400.258349	-0.223653	
22400.259917	-0.229454	
22400.261438	-0.232302	
22400.263032	-0.238707	
22400.264525	-0.242618	
22400.266075	-0.245930	
22400.267610	-0.249447	
22400.269172	-0.251316	
22400.270690	-0.256597	
22400.272179	-0.266462	
22400.273732	-0.266623	
22400.275259	-0.270490	
22400.276855	-0.273403	
22400.278359	-0.276231	
22400.279908	-0.280533	
22400.281446	-0.283401	
22400.283026	-0.285713	
22400.284513	-0.287836	
22400.285999	-0.292175	
22400.287605	-0.289093	
22400.289096	-0.295200	
22400.290693	-0.291945	
22400.292185	-0.292090	
22400.293768	-0.290918	
22400.295283	-0.296606	
22400.296844	-0.295901	
22400.298375	-0.297243	
22400.299912	-0.292952	
22400.301474	-0.302004	
22400.302991	-0.298608	
22400.304548	-0.298757	
22400.306070	-0.296715	
22400.307666	-0.294963	
22400.309167	-0.293855	
22400.310732	-0.296320	
22400.312255	-0.295426	
22400.313844	-0.294455	
22400.315342	-0.300352	
22400.316905	-0.296811	
22400.318441	-0.299639	
22400.319992	-0.302363	
22400.321536	-0.303607	
22400.323056	-0.303599	
22400.324630	-0.303829	
22400.326147	-0.306141	
22400.327732	-0.308933	
22400.329220	-0.312607	
22400.330798	-0.318335	
22400.332312	-0.315410	
22400.333915	-0.327125	
22400.335409	-0.327016	
22400.336976	-0.335705	
22400.338498	-0.338654	
22400.340066	-0.338903	
22400.341589	-0.347190	
22400.343113	-0.351057	
22400.344670	-0.352886	
22400.346182	-0.350308	
22400.347758	-0.355391	
22400.349245	-0.358554	
22400.350854	-0.358775	
22400.352347	-0.365744	
22400.353947	-0.365265	
22400.355438	-0.372927	
22400.357017	-0.364173	
22400.358534	-0.366058	
22400.360050	-0.364918	
22400.361616	-0.367911	
22400.363143	-0.360660	
22400.364722	-0.362824	
22400.366204	-0.362811	
22400.367788	-0.361414	
22400.369309	-0.361373	
22400.370892	-0.360753	
22400.372384	-0.355915	
22400.373950	-0.354626	
22400.375479	-0.354316	
22400.377039	-0.358110	
22400.378566	-0.355657	
22400.380100	-0.355988	
22400.381659	-0.355714	
22400.383206	-0.357345	
22400.384794	-0.356688	
22400.386272	-0.352596	
22400.387859	-0.357418	
22400.389372	-0.360995	
22400.390986	-0.362078	
22400.392477	-0.360677	
22400.394045	-0.362864	
22400.395555	-0.367158	
22400.397126	-0.370433	
22400.398648	-0.370566	
22400.400184	-0.372975	
22400.401754	-0.376596	
22400.403272	-0.381354	
22400.404831	-0.377696	
22400.406334	-0.382309	
22400.407936	-0.384552	
22400.409432	-0.382405	
22400.411019	-0.383090	
22400.412545	-0.385688	
22400.414161	-0.388222	
22400.415649	-0.387010	
22400.417219	-0.394353	
22400.418744	-0.394265	
22400.420315	-0.394176	
22400.421848	-0.391417	
22400.423380	-0.392609	
22400.424952	-0.392806	
22400.426451	-0.391840	
22400.428049	-0.394933	
22400.429551	-0.389745	
22400.431137	-0.388661	
22400.432649	-0.390683	
22400.434222	-0.391501	
22400.435745	-0.390555	
22400.437307	-0.392516	
22400.438830	-0.391010	
22400.440368	-0.390792	
22400.441915	-0.386917	
22400.443446	-0.385600	
22400.445019	-0.383582	
22400.446513	-0.384585	
22400.448099	-0.383900	
22400.449626	-0.382812	
22400.451210	-0.384009	
22400.452703	-0.383739	
22400.454258	-0.384472	
22400.455794	-0.385829	
22400.457351	-0.384464	
22400.458884	-0.385652	
22400.460415	-0.385878	
22400.461975	-0.388174	
22400.463505	-0.386768	
22400.465081	-0.391219	
22400.466564	-0.389552	
22400.468171	-0.385612	
22400.469659	-0.384987	
22400.471257	-0.391602	
22400.472747	-0.389403	
22400.474334	-0.384822	
22400.475847	-0.389165	
22400.477400	-0.386007	
22400.478932	-0.386228	
22400.480460	-0.387082	
22400.482055	-0.385004	
22400.483547	-0.385020	
22400.485125	-0.385717	
22400.486651	-0.386627	
22400.488245	-0.387058	
22400.489728	-0.382176	
22400.491328	-0.381789	
22400.492831	-0.383179	
22400.494380	-0.381745	
22400.495929	-0.379714	
22400.497450	-0.379038	
22400.499019	-0.381024	
22400.500527	-0.379952	
22400.502121	-0.379549	
22400.503609	-0.377575	
22400.505194	-0.381982	
22400.506727	-0.380480	
22400.508322	-0.379537	
22400.509810	-0.381346	
22400.511375	-0.381660	
22400.512903	-0.379573	
22400.514470	-0.380830	
22400.515996	-0.383291	
22400.517528	-0.387239	
22400.519094	-0.386869	
22400.520615	-0.385237	
22400.522186	-0.388738	
22400.523667	-0.386671	
22400.525289	-0.384786	
22400.526781	-0.383541	
22400.528352	-0.388134	
22400.529874	-0.383231	
22400.531461	-0.380125	
22400.532959	-0.382409	
22400.534526	-0.381668	
22400.536056	-0.378929	
22400.537624	-0.377108	
22400.539158	-0.376758	
22400.540675	-0.373390	
22400.542249	-0.370498	
22400.543779	-0.372214	
22400.545366	-0.365043	
22400.546858	-0.362993	
22400.548454	-0.359980	
22400.549984	-0.357551	
22400.551712	-0.356741	
22400.553299	-0.353619	
22400.554938	-0.350155	
22400.556563	-0.345393	
22400.558199	-0.344329	
22400.559807	-0.343097	
22400.561425	-0.340257	
22400.563070	-0.335536	
22400.564679	-0.330053	
22400.566356	-0.332857	
22400.567935	-0.332104	
22400.569624	-0.332845	
22400.571180	-0.338493	
22400.572874	-0.335846	
22400.574432	-0.337091	
22400.576127	-0.340237	
22400.577686	-0.338199	
22400.579400	-0.341413	
22400.580910	-0.338086	
22400.582651	-0.339524	
22400.584135	-0.342485	
22400.585918	-0.342734	
22400.587407	-0.344519	
22400.589175	-0.344966	
22400.590660	-0.347774	
22400.592464	-0.342851	
22400.593936	-0.341647	
22400.595723	-0.338049	
22400.597206	-0.337518	
22400.598957	-0.330948	
22400.600456	-0.332430	
22400.602194	-0.331354	
22400.603707	-0.327302	
22400.605431	-0.326875	
22400.606972	-0.325928	
22400.608685	-0.321235	
22400.610220	-0.316429	
22400.611920	-0.307108	
22400.613467	-0.306149	
22400.615154	-0.301295	
22400.616731	-0.296135	
22400.618390	-0.291945	
22400.619977	-0.290463	
22400.621607	-0.283917	
22400.623218	-0.283047	
22400.624856	-0.279635	
22400.626457	-0.272178	
22400.628090	-0.271896	
22400.629765	-0.266216	
22400.631344	-0.262559	
22400.633024	-0.259767	
22400.634608	-0.261826	
22400.636301	-0.260081	
22400.637883	-0.261245	
22400.639541	-0.264980	
22400.641095	-0.258925	
22400.642810	-0.255682	
22400.644358	-0.258845	
22400.646080	-0.258526	
22400.647595	-0.257890	
22400.649338	-0.258204	
22400.650835	-0.261326	
22400.652583	-0.262547	
22400.654070	-0.257805	
22400.655830	-0.264271	
22400.657324	-0.259143	
22400.659103	-0.256041	
22400.660584	-0.256790	
22400.662268	-0.259437	
22400.663762	-0.259715	
22400.665437	-0.254143	
22400.666964	-0.249080	
22400.668600	-0.248963	
22400.670163	-0.243074	
22400.671749	-0.245124	
22400.673344	-0.240709	
22400.674901	-0.240109	
22400.676518	-0.232338	
22400.678036	-0.229043	
22400.679714	-0.227009	
22400.681189	-0.212849	
22400.682892	-0.212527	
22400.684372	-0.207125	
22400.686077	-0.199846	
22400.687564	-0.195971	
22400.689287	-0.189384	
22400.690769	-0.182222	
22400.692477	-0.179410	
22400.693953	-0.169214	
22400.695660	-0.168626	
22400.697147	-0.166624	
22400.698802	-0.164352	
22400.700326	-0.158789	
22400.701945	-0.156437	
22400.703506	-0.154451	
22400.705092	-0.153283	
22400.706694	-0.154060	
22400.708257	-0.153653	
22400.709879	-0.152243	
22400.711425	-0.154104	
22400.713101	-0.155744	
22400.714595	-0.152755	
22400.716293	-0.153633	
22400.717774	-0.152481	
22400.719510	-0.154145	
22400.720980	-0.155474	
22400.722697	-0.157516	
22400.724185	-0.155526	
22400.725889	-0.156263	
22400.727377	-0.154507	
22400.729081	-0.154938	
22400.730559	-0.155200	
22400.732210	-0.148823	
22400.733735	-0.150245	
22400.735289	-0.151562	
22400.736876	-0.140791	
22400.738365	-0.140416	
22400.740023	-0.133947	
22400.741500	-0.130510	
22400.743139	-0.127429	
22400.744660	-0.122546	
22400.746287	-0.114478	
22400.747767	-0.109704	
22400.749416	-0.103484	
22400.750912	-0.096459	
22400.752533	-0.094674	
22400.754040	-0.092257	
22400.755668	-0.079629	
22400.757165	-0.078420	
22400.758753	-0.076491	
22400.760288	-0.065135	
22400.761825	-0.060724	
22400.763440	-0.057783	
22400.764934	-0.051092	
22400.766557	-0.046826	
22400.768094	-0.042347	
22400.769744	-0.042927	
22400.771241	-0.039434	
22400.772900	-0.029383	
22400.774376	-0.031853	
22400.776013	-0.028453	
22400.777496	-0.033730	
22400.779132	-0.031490	
22400.780616	-0.033758	
22400.782224	-0.040099	
22400.783744	-0.036207	
22400.785317	-0.038193	
22400.786900	-0.035112	
22400.788387	-0.039595	
22400.790054	-0.035897	
22400.791536	-0.036272	
22400.793170	-0.030535	
22400.794688	-0.032614	
22400.796321	-0.032292	
22400.797800	-0.028538	
22400.799450	-0.027502	
22400.800931	-0.029657	
22400.802565	-0.027200	
22400.804047	-0.025033	
22400.805680	-0.020163	
22400.807189	-0.018221	
22400.808770	-0.013117	
22400.810314	-0.009786	
22400.811863	-0.005072	
22400.813457	-0.000601	
22400.814944	-0.003050	
22400.816579	0.009699	
22400.818099	0.011774	
22400.819768	0.020016	
22400.821246	0.013027	
22400.822864	0.023311	
22400.824345	0.032141	
22400.825910	0.035356	
22400.827415	0.045443	
22400.828948	0.049991	
22400.830503	0.068215	
22400.831993	0.066088	
22400.833611	0.072513	
22400.835100	0.083736	
22400.836760	0.087595	
22400.838251	0.086536	
22400.839823	0.088336	
22400.841341	0.090717	
22400.842933	0.104566	
22400.844437	0.103459	
22400.845980	0.107817	
22400.847478	0.113650	
22400.849027	0.107289	
22400.850573	0.106073	
22400.852063	0.113276	
22400.853638	0.117989	
22400.855157	0.121006	
22400.856745	0.118661	
22400.858228	0.124825	
22400.859798	0.113288	
22400.861317	0.125848	
22400.862894	0.124212	
22400.864391	0.119189	
22400.865966	0.117405	
22400.867456	0.125590	
22400.869016	0.127612	
22400.870548	0.120736	
22400.872044	0.131085	
22400.873613	0.124841	
22400.875129	0.123004	
22400.876739	0.128551	
22400.878228	0.128249	
22400.879800	0.124873	
22400.881318	0.129010	
22400.882909	0.134332	
22400.884380	0.127927	
22400.885958	0.132684	
22400.887444	0.133901	
22400.888992	0.140910	
22400.890526	0.140652	
22400.892020	0.150497	
22400.893599	0.149547	
22400.895127	0.137502	
22400.896718	0.162199	
22400.898228	0.161414	
22400.899769	0.165346	
22400.901296	0.169902	
22400.902880	0.173189	
22400.904354	0.182140	
22400.905920	0.185648	
22400.907411	0.192384	
22400.908937	0.197314	
22400.910532	0.203321	
22400.912020	0.202724	
22400.913584	0.211462	
22400.915113	0.216509	
22400.916669	0.220654	
22400.918203	0.223269	
22400.919715	0.231966	
22400.921294	0.224054	
22400.922807	0.236651	
22400.924401	0.233815	
22400.925890	0.237477	
22400.927477	0.247112	
22400.929002	0.250041	
22400.930615	0.244587	
22400.932116	0.240615	
22400.933686	0.248808	
22400.935222	0.247435	
22400.936791	0.248510	
22400.938320	0.249223	
22400.939867	0.252047	
22400.941408	0.253445	
22400.942928	0.254069	
22400.944493	0.242278	
22400.946014	0.245928	
22400.947599	0.255338	
22400.949089	0.250754	
22400.950669	0.253151	
22400.952195	0.243588	
22400.953797	0.242343	
22400.955291	0.251225	
22400.956858	0.244039	
22400.958382	0.251552	
22400.959941	0.251020	
22400.961482	0.253292	
22400.962994	0.260285	
22400.964568	0.256619	
22400.966080	0.264237	
22400.967674	0.264946	
22400.969160	0.276257	
22400.970776	0.281075	
22400.972261	0.275645	
22400.973853	0.289410	
22400.975344	0.288193	
22400.976913	0.292073	
22400.978434	0.293031	
22400.980011	0.301958	
22400.981541	0.305515	
22400.983065	0.305559	
22400.984659	0.318212	
22400.986148	0.317475	
22400.987735	0.324553	
22400.989260	0.329915	
22400.990842	0.330309	
22400.992331	0.328412	
22400.993897	0.334910	
22400.995426	0.332424	
22400.996984	0.336271	
22400.998505	0.340078	
22401.000040	0.336150	
22401.001601	0.343736	
22401.003131	0.347808	
22401.004726	0.343260	
22401.006213	0.347857	
22401.007842	0.342584	
22401.009321	0.344715	
22401.010934	0.337552	
22401.012423	0.343534	
22401.013981	0.343784	
22401.015498	0.332622	
22401.017062	0.334052	
22401.018590	0.333887	
22401.020144	0.340682	
22401.021691	0.335562	
22401.023211	0.337206	
22401.024757	0.336819	
22401.026280	0.341564	
22401.027871	0.333198	
22401.029349	0.331550	
22401.030938	0.332251	
22401.032471	0.334036	
22401.034075	0.335518	
22401.035565	0.338870	
22401.037136	0.348469	
22401.038655	0.349698	
22401.040216	0.345871	
22401.041733	0.352364	
22401.043268	0.351285	
22401.044862	0.361911	
22401.046356	0.367442	
22401.047923	0.360796	
22401.049467	0.376272	
22401.051072	0.373441	
22401.052562	0.383648	
22401.054138	0.383366	
22401.055658	0.388974	
22401.057220	0.398380	
22401.058738	0.404374	
22401.060275	0.396676	
22401.061823	0.410376	
22401.063345	0.404930	
22401.064921	0.406440	
22401.066416	0.414388	
22401.067996	0.417986	
22401.069524	0.413116	
22401.071124	0.414437	
22401.072624	0.413530	
22401.074175	0.416338	
22401.075708	0.418505	
22401.077267	0.416721	
22401.078797	0.408994	
22401.080327	0.412290	
22401.081877	0.402614	
22401.083411	0.395641	
22401.084969	0.403069	
22401.086463	0.395757	
22401.088060	0.393989	
22401.089552	0.397981	
22401.091129	0.393381	
22401.092652	0.398839	
22401.094237	0.389933	
22401.095737	0.383096	
22401.097290	0.381054	
22401.098827	0.387137	
22401.100354	0.384615	
22401.101942	0.382226	
22401.103434	0.386895	
22401.105016	0.393510	
22401.106538	0.392930	
22401.108139	0.398054	
22401.109632	0.400579	
22401.111199	0.394674	
22401.112722	0.403053	
22401.114272	0.403109	
22401.115811	0.400386	
22401.117328	0.403806	
22401.118902	0.404612	
22401.120420	0.399653	
22401.122009	0.416926	
22401.123501	0.414630	
22401.125107	0.410892	
22401.126591	0.421901	
22401.128184	0.420995	
22401.129679	0.426965	
22401.131260	0.423730	
22401.132776	0.425426	
22401.134349	0.428725	
22401.135877	0.424620	
22401.137425	0.419883	
22401.138970	0.425019	
22401.140486	0.428157	
22401.142058	0.438308	
22401.143574	0.433704	
22401.145155	0.431114	
22401.146640	0.430997	
22401.148217	0.426546	
22401.149734	0.433310	
22401.151326	0.427082	
22401.152820	0.424367	
22401.154382	0.424475	
22401.155919	0.430248	
22401.157486	0.427928	
22401.159014	0.427364	
22401.160530	0.419017	
22401.162127	0.416237	
22401.163608	0.422316	
22401.165372	0.418941	
22401.166898	0.426502	
22401.168612	0.416801	
22401.170155	0.415122	
22401.171855	0.408954	
22401.173422	0.412523	
22401.175121	0.409160	
22401.176692	0.415452	
22401.178373	0.412608	
22401.179948	0.408700	
22401.181611	0.404233	
22401.183205	0.404942	
22401.184843	0.407617	
22401.186469	0.398654	
22401.188070	0.408378	
22401.189729	0.409212	
22401.191318	0.404326	
22401.192960	0.399149	
22401.194562	0.402803	
22401.196239	0.412197	
22401.197807	0.410888	
22401.199512	0.400088	
22401.201056	0.397655	
22401.202768	0.401035	
22401.204333	0.403488	
22401.206015	0.400805	
22401.207550	0.401518	
22401.209287	0.405043	
22401.210795	0.409627	
22401.212556	0.411053	
22401.214034	0.413333	
22401.215812	0.408273	
22401.217305	0.405131	
22401.219083	0.408950	
22401.220564	0.409466	
22401.222344	0.400873	
22401.223833	0.407121	
22401.225620	0.401506	
22401.227114	0.410207	
22401.228845	0.399709	
22401.230348	0.407540	
22401.232067	0.403238	
22401.233589	0.403947	
22401.235301	0.403774	
22401.236842	0.403129	
22401.238549	0.399931	
22401.240103	0.394851	
22401.241786	0.397852	
22401.243357	0.391210	
22401.245036	0.383958	
22401.246603	0.384788	
22401.248240	0.379664	
22401.249849	0.377308	
22401.251469	0.367656	
22401.253100	0.373626	
22401.254717	0.370528	
22401.256348	0.366153	
22401.257959	0.360542	
22401.259623	0.368909	
22401.261211	0.360433	
22401.262902	0.363958	
22401.264474	0.358834	
22401.266173	0.360494	
22401.267740	0.351007	
22401.269443	0.345891	
22401.270991	0.351180	
22401.272678	0.350717	
22401.274214	0.350644	
22401.275974	0.342527	
22401.277490	0.352808	
22401.279249	0.349037	
22401.280728	0.354169	
22401.282510	0.356844	
22401.283992	0.354314	
22401.285780	0.355112	
22401.287274	0.352070	
22401.289044	0.347679	
22401.290522	0.348695	
22401.292296	0.343240	
22401.293788	0.343264	
22401.295547	0.351039	
22401.297051	0.346701	
22401.298779	0.340694	
22401.300305	0.346668	
22401.302048	0.339478	
22401.303579	0.351410	
22401.305277	0.342785	
22401.306810	0.330664	
22401.308513	0.328235	
22401.310065	0.331171	
22401.311641	0.332787	
22401.313247	0.330390	
22401.314803	0.329032	
22401.316413	0.325495	
22401.317905	0.320641	
22401.319615	0.314325	
22401.321084	0.309700	
22401.322810	0.311288	
22401.324282	0.303392	
22401.325988	0.298635	
22401.327472	0.296693	
22401.329184	0.289337	
22401.330675	0.295718	
22401.332368	0.285039	
22401.333844	0.283061	
22401.335514	0.280108	
22401.337012	0.276261	
22401.338670	0.276793	
22401.340207	0.275770	
22401.341832	0.271758	
22401.343400	0.275911	
22401.344983	0.264958	
22401.346588	0.263588	
22401.348147	0.268322	
22401.349779	0.267016	
22401.351296	0.268483	
22401.352965	0.263375	
22401.354438	0.261888	
22401.356147	0.256921	
22401.357634	0.255270	
22401.359340	0.249952	
22401.360833	0.247451	
22401.362551	0.257437	
22401.364033	0.252917	
22401.365728	0.254617	
22401.367200	0.259060	
22401.368887	0.253787	
22401.370385	0.255785	
22401.372063	0.249848	
22401.373580	0.250645	
22401.375209	0.237892	
22401.376777	0.250984	
22401.378360	0.247975	
22401.379963	0.241392	
22401.381523	0.242738	
22401.383146	0.234488	
22401.384695	0.231007	
22401.386365	0.231563	
22401.387855	0.233138	
22401.389555	0.221295	
22401.391044	0.213931	
22401.392786	0.210467	
22401.394256	0.191360	
22401.395969	0.200360	
22401.397457	0.203159	
22401.399165	0.195328	
22401.400645	0.194579	
22401.402269	0.193846	
22401.403781	0.187787	
22401.405364	0.184794	
22401.406915	0.175408	
22401.408447	0.174216	
22401.410058	0.170349	
22401.411542	0.171086	
22401.413187	0.171759	
22401.414705	0.163791	
22401.416352	0.166909	
22401.417831	0.163311	
22401.419483	0.161772	
22401.420958	0.163589	
22401.422595	0.160109	
22401.424083	0.162667	
22401.425709	0.154344	
22401.427209	0.153281	
22401.428808	0.145277	
22401.430331	0.146650	
22401.431883	0.143307	
22401.433481	0.154602	
22401.434974	0.140306	
22401.436644	0.140152	
22401.438137	0.147790	
22401.439773	0.149091	
22401.441296	0.136664	
22401.442929	0.133707	
22401.444418	0.118766	
22401.446070	0.130907	
22401.447548	0.123753	
22401.449185	0.115991	
22401.450672	0.114117	
22401.452309	0.117336	
22401.453797	0.110246	
22401.455396	0.105316	
22401.456930	0.106593	
22401.458478	0.101674	
22401.460082	0.103100	
22401.461574	0.087825	
22401.463225	0.087398	
22401.464724	0.087748	
22401.466379	0.091462	
22401.467866	0.081935	
22401.469507	0.084207	
22401.470983	0.079285	
22401.472627	0.078584	
22401.474107	0.078040	
22401.475747	0.069447	
22401.477226	0.062789	
22401.478833	0.062422	
22401.480377	0.051260	
22401.481862	0.050015	
22401.483476	0.052927	
22401.484958	0.033640	
22401.486609	0.035187	
22401.488097	0.036423	
22401.489738	0.034373	
22401.491257	0.033269	
22401.492894	0.032028	
22401.494365	0.021615	
22401.495952	0.021083	
22401.497457	0.018767	
22401.499017	0.015536	
22401.500558	0.013293	
22401.502040	0.011979	
22401.503618	0.007838	
22401.505130	0.006086	
22401.506728	0.006739	
22401.508219	0.000241	
22401.509780	0.004982	
22401.511291	-0.002885	
22401.512867	-0.005967	
22401.514341	-0.006442	
22401.515903	-0.008122	
22401.517399	-0.011872	
22401.518942	-0.015687	
22401.520487	-0.016791	
22401.521976	-0.019889	
22401.523539	-0.021291	
22401.525062	-0.022914	
22401.526676	-0.030100	
22401.528163	-0.030076	
22401.529723	-0.028550	
22401.531244	-0.039865	
22401.532849	-0.044393	
22401.534344	-0.042387	
22401.535910	-0.044042	
22401.537404	-0.048284	
22401.538950	-0.047060	
22401.540477	-0.051833	
22401.541972	-0.050303	
22401.543540	-0.053759	
22401.545067	-0.056885	
22401.546659	-0.058335	
22401.548161	-0.064772	
22401.549719	-0.068962	
22401.551247	-0.071234	
22401.552814	-0.077868	
22401.554338	-0.077079	
22401.555886	-0.081852	
22401.557428	-0.085313	
22401.558988	-0.084040	
22401.560536	-0.087867	
22401.562029	-0.089023	
22401.563598	-0.092930	
22401.565128	-0.095154	
22401.566720	-0.103356	
22401.568223	-0.104653	
22401.569785	-0.104097	
22401.571319	-0.105599	
22401.572859	-0.109418	
22401.574400	-0.107255	
22401.575922	-0.115005	
22401.577503	-0.118844	
22401.579037	-0.121854	
22401.580621	-0.123183	
22401.582115	-0.124416	
22401.583690	-0.131320	
22401.585218	-0.136311	
22401.586806	-0.135945	
22401.588298	-0.140408	
22401.589857	-0.141057	
22401.591383	-0.139280	
22401.592930	-0.142144	
22401.594472	-0.146684	
22401.595984	-0.151256	
22401.597568	-0.151506	
22401.599072	-0.152710	
22401.600671	-0.162032	
22401.602166	-0.160320	
22401.603747	-0.165653	
22401.605257	-0.167841	
22401.606829	-0.167426	
22401.608356	-0.171450	
22401.609881	-0.172473	
22401.611446	-0.169968	
22401.612955	-0.172292	
22401.614520	-0.175120	
22401.616021	-0.177674	
22401.617637	-0.183253	
22401.619127	-0.185360	
22401.620734	-0.189070	
22401.622219	-0.184095	
22401.623802	-0.186125	
22401.625298	-0.187829	
22401.626866	-0.191838	
22401.628389	-0.192837	
22401.629956	-0.195938	
22401.631490	-0.194089	
22401.633007	-0.196849	
22401.634579	-0.204543	
22401.636090	-0.208354	
22401.637680	-0.210900	
22401.639165	-0.210436	
22401.640753	-0.212555	
22401.642267	-0.216277	
22401.643872	-0.212942	
22401.645372	-0.214650	
22401.646947	-0.218984	
22401.648463	-0.222703	
22401.650029	-0.227617	
22401.651547	-0.229748	
22401.653101	-0.232536	
22401.654633	-0.239831	
22401.656152	-0.242453	
22401.657713	-0.242679	
22401.659235	-0.248246	
22401.660844	-0.247195	
22401.662330	-0.251690	
22401.663894	-0.253024	
22401.665416	-0.255634	
22401.666988	-0.258917	
22401.668517	-0.261491	
22401.670039	-0.264597	
22401.671602	-0.266937	
22401.673120	-0.274652	
22401.674697	-0.276049	
22401.676198	-0.280227	
22401.677766	-0.281323	
22401.679282	-0.284811	
22401.680877	-0.283006	
22401.682376	-0.284936	
22401.683934	-0.287997	
22401.685450	-0.292006	
22401.687020	-0.295031	
22401.688543	-0.295329	
22401.690070	-0.298177	
22401.691619	-0.294612	
22401.693153	-0.291454	
22401.694721	-0.294282	
22401.696216	-0.287458	
22401.697800	-0.291655	
22401.699325	-0.289754	
22401.700911	-0.290523	
22401.702416	-0.292642	
22401.703981	-0.292799	
22401.705505	-0.288791	
22401.707057	-0.291252	
22401.708600	-0.290274	
22401.710141	-0.287869	
22401.711703	-0.288388	
22401.713239	-0.289395	
22401.714821	-0.289573	
22401.716316	-0.287071	
22401.717924	-0.291410	
22401.719410	-0.299164	
22401.721010	-0.300062	
22401.722519	-0.306004	
22401.724094	-0.307821	
22401.725613	-0.314411	
22401.727161	-0.315048	
22401.728703	-0.318705	
22401.730243	-0.324438	
22401.731799	-0.326174	
22401.733319	-0.329997	
22401.734880	-0.337614	
22401.736387	-0.348132	
22401.737979	-0.354541	
22401.739467	-0.357438	
22401.741057	-0.367629	
22401.742548	-0.367166	
22401.744117	-0.367404	
22401.745635	-0.369213	
22401.747199	-0.372959	
22401.748722	-0.373849	
22401.750259	-0.374760	
22401.751818	-0.372608	
22401.753337	-0.373221	
22401.754901	-0.379001	
22401.756423	-0.377942	
22401.758012	-0.379320	
22401.759505	-0.379654	
22401.761074	-0.375356	
22401.762606	-0.375114	
22401.764199	-0.373108	
22401.765710	-0.368532	
22401.767223	-0.363710	
22401.768798	-0.360580	
22401.770309	-0.358304	
22401.771901	-0.357075	
22401.773391	-0.353909	
22401.775020	-0.349454	
22401.776498	-0.345490	
22401.778086	-0.345570	
22401.779578	-0.341312	
22401.781145	-0.340809	
22401.782656	-0.336124	
22401.784227	-0.331588	
22401.785750	-0.328547	
22401.787289	-0.332660	
22401.788854	-0.333316	
22401.790367	-0.334585	
22401.791947	-0.337070	
22401.793461	-0.342162	
22401.795067	-0.344209	
22401.796551	-0.351979	
22401.798143	-0.354634	
22401.799659	-0.357752	
22401.801262	-0.362791	
22401.802747	-0.364568	
22401.804310	-0.371621	
22401.805826	-0.384210	
22401.807405	-0.385664	
22401.808940	-0.391102	
22401.810450	-0.399558	
22401.812015	-0.408287	
22401.813532	-0.410011	
22401.815120	-0.416598	
22401.816607	-0.420425	
22401.818190	-0.425097	
22401.819710	-0.421246	
22401.821304	-0.429641	
22401.822795	-0.429762	
22401.824363	-0.431188	
22401.825884	-0.429053	
22401.827445	-0.430886	
22401.828968	-0.426677	
22401.830450	-0.427704	
22401.832274	-0.421206	
22401.833753	-0.416304	
22401.835508	-0.412448	
22401.837011	-0.406052	
22401.838720	-0.404787	
22401.840239	-0.397862	
22401.841957	-0.392859	
22401.843503	-0.385205	
22401.845247	-0.381559	
22401.846780	-0.379589	
22401.848467	-0.370916	
22401.850025	-0.365607	
22401.851703	-0.358441	
22401.853267	-0.358900	
22401.854935	-0.348753	
22401.856522	-0.348028	
22401.858174	-0.348487	
22401.859778	-0.343496	
22401.861408	-0.347343	
22401.863030	-0.350876	
22401.864652	-0.351117	
22401.866279	-0.357510	
22401.867871	-0.359871	
22401.869550	-0.362989	
22401.871117	-0.366534	
22401.872794	-0.370836	
22401.874356	-0.378123	
22401.876067	-0.378365	
22401.877630	-0.384617	
22401.879329	-0.386933	
22401.880883	-0.391799	
22401.882592	-0.401681	
22401.884093	-0.406454	
22401.885841	-0.408948	
22401.887316	-0.413665	
22401.889102	-0.420400	
22401.890581	-0.420026	
22401.892363	-0.423949	
22401.893845	-0.427216	
22401.895633	-0.429319	
22401.897102	-0.429919	
22401.898884	-0.427289	
22401.900367	-0.421085	
22401.902109	-0.418640	
22401.903623	-0.420622	
22401.905350	-0.410285	
22401.906871	-0.408416	
22401.908596	-0.401512	
22401.910132	-0.400005	
22401.911826	-0.396017	
22401.913373	-0.389834	
22401.915057	-0.387566	
22401.916623	-0.380629	
22401.918295	-0.376496	
22401.919880	-0.370373	
22401.921540	-0.369084	
22401.923144	-0.356286	
22401.924780	-0.353244	
22401.926379	-0.351617	
22401.928012	-0.347560	
22401.929653	-0.344499	
22401.931262	-0.344362	
22401.932945	-0.344342	
22401.934532	-0.343504	
22401.936210	-0.345909	
22401.937788	-0.346521	
22401.939475	-0.347593	
22401.941056	-0.344789	
22401.942731	-0.342376	
22401.944297	-0.344845	
22401.946018	-0.351476	
22401.947552	-0.350449	
22401.949254	-0.360423	
22401.950774	-0.361764	
22401.952508	-0.362840	
22401.953993	-0.364898	
22401.955777	-0.370228	
22401.957264	-0.371174	
22401.959027	-0.370876	
22401.960518	-0.375029	
22401.962306	-0.376206	
22401.963791	-0.382703	
22401.965566	-0.381350	
22401.967050	-0.382200	
22401.968727	-0.383340	
22401.970242	-0.385753	
22401.971864	-0.382425	
22401.973416	-0.379702	
22401.975016	-0.377551	
22401.976603	-0.372189	
22401.978195	-0.370485	
22401.979798	-0.364806	
22401.981345	-0.364447	
22401.983014	-0.357873	
22401.984498	-0.356008	
22401.986172	-0.352769	
22401.987652	-0.343298	
22401.989397	-0.336922	
22401.990865	-0.326597	
22401.992575	-0.321908	
22401.994054	-0.317050	
22401.995762	-0.314206	
22401.997239	-0.304715	
22401.998950	-0.300352	
22402.000432	-0.302161	
22402.002103	-0.298560	
22402.003614	-0.293537	
22402.005233	-0.289137	
22402.006778	-0.280030	
22402.008402	-0.278809	
22402.009983	-0.276408	
22402.011568	-0.274136	
22402.013161	-0.275897	
22402.014704	-0.272166	
22402.016333	-0.276299	
22402.017832	-0.276851	
22402.019528	-0.287945	
22402.021000	-0.287091	
22402.022741	-0.286398	
22402.024212	-0.288884	
22402.025927	-0.292187	
22402.027404	-0.291462	
22402.029102	-0.295394	
22402.030593	-0.299716	
22402.032294	-0.302226	
22402.033775	-0.306367	
22402.035450	-0.313013	
22402.036960	-0.309456	
22402.038587	-0.310931	
22402.040131	-0.315994	
22402.041750	-0.314621	
22402.043304	-0.315664	
22402.044885	-0.315012	
22402.046484	-0.308953	
22402.048049	-0.309936	
22402.049666	-0.310057	
22402.051193	-0.305146	
22402.052833	-0.298955	
22402.054315	-0.300566	
22402.055955	-0.298173	
22402.057437	-0.290407	
22402.059079	-0.284719	
22402.060556	-0.273314	
22402.062195	-0.267941	
22402.063689	-0.256887	
22402.065261	-0.251658	
22402.066830	-0.247231	
22402.068359	-0.242216	
22402.069985	-0.235219	
22402.071470	-0.228169	
22402.073118	-0.219754	
22402.074633	-0.215383	
22402.076278	-0.209760	
22402.077755	-0.198122	
22402.079409	-0.191370	
22402.080882	-0.184143	
22402.082509	-0.184429	
22402.083991	-0.180244	
22402.085643	-0.175144	
22402.087148	-0.175587	
22402.088744	-0.171507	
22402.090278	-0.170838	
22402.091828	-0.163446	
22402.093414	-0.167003	
22402.094905	-0.165944	
22402.096559	-0.165597	
22402.098057	-0.168695	
22402.099680	-0.168691	
22402.101205	-0.172695	
22402.102850	-0.180369	
22402.104345	-0.182012	
22402.105988	-0.190577	
22402.107482	-0.191946	
22402.109121	-0.193924	
22402.110612	-0.201248	
22402.112259	-0.199584	
22402.113736	-0.199012	
22402.115324	-0.200539	
22402.116847	-0.206545	
22402.118384	-0.212164	
22402.120002	-0.211463	
22402.121499	-0.215548	
22402.123118	-0.216156	
22402.124637	-0.214158	
22402.126291	-0.207326	
22402.127776	-0.209635	
22402.129428	-0.200257	
22402.130904	-0.194915	
22402.132478	-0.189920	
22402.133970	-0.184168	
22402.135529	-0.180119	
22402.137053	-0.173593	
22402.138548	-0.169307	
22402.140139	-0.160199	
22402.141668	-0.152747	
22402.143244	-0.144964	
22402.144741	-0.139449	
22402.146299	-0.124053	
22402.147807	-0.113362	
22402.149357	-0.107352	
22402.150870	-0.091782	
22402.152421	-0.088088	
22402.153927	-0.078070	
22402.155438	-0.071314	
22402.157020	-0.067902	
22402.158510	-0.060897	
22402.160107	-0.056627	
22402.161604	-0.048147	
22402.163186	-0.043221	
22402.164685	-0.039277	
22402.166277	-0.039587	
22402.167768	-0.038689	
22402.169309	-0.035341	
22402.170842	-0.039394	
22402.172392	-0.042624	
22402.173896	-0.043479	
22402.175384	-0.048969	
22402.176995	-0.052381	
22402.178476	-0.051769	
22402.180061	-0.057940	
22402.181551	-0.061384	
22402.183123	-0.063721	
22402.184642	-0.067024	
22402.186230	-0.075733	
22402.187719	-0.080563	
22402.189275	-0.085272	
22402.190807	-0.085707	
22402.192354	-0.086835	
22402.193868	-0.089913	
22402.195345	-0.094473	
22402.196940	-0.093023	
22402.198440	-0.090449	
22402.200031	-0.089470	
22402.201527	-0.086634	
22402.203093	-0.076833	
22402.204622	-0.075363	
22402.206209	-0.072515	
22402.207696	-0.067431	
22402.209260	-0.058798	
22402.210790	-0.057078	
22402.212268	-0.051817	
22402.213846	-0.040896	
22402.215387	-0.028203	
22402.216986	-0.022443	
22402.218473	-0.013190	
22402.220036	-0.004505	
22402.221556	0.003955	
22402.223116	0.012862	
22402.224647	0.025027	
22402.226182	0.028024	
22402.227742	0.038155	
22402.229260	0.040129	
22402.230833	0.050494	
22402.232328	0.052871	
22402.233906	0.063703	
22402.235426	0.075659	
22402.237020	0.066313	
22402.238524	0.074443	
22402.240087	0.079921	
22402.241616	0.077730	
22402.243170	0.080984	
22402.244693	0.078644	
22402.246226	0.077230	
22402.247798	0.083627	
22402.249339	0.074491	
22402.250898	0.075768	
22402.252425	0.077327	
22402.254000	0.071744	
22402.255495	0.078261	
22402.257052	0.080525	
22402.258581	0.071030	
22402.260168	0.070785	
22402.261662	0.075409	
22402.263210	0.073540	
22402.264761	0.065971	
22402.266268	0.063711	
22402.267854	0.054587	
22402.269347	0.057294	
22402.270931	0.052843	
22402.272439	0.059505	
22402.274033	0.058708	
22402.275524	0.063087	
22402.277084	0.049165	
22402.278607	0.048834	
22402.280171	0.050273	
22402.281704	0.056388	
22402.283220	0.058893	
22402.284800	0.070644	
22402.286318	0.079002	
22402.287906	0.084243	
22402.289394	0.090934	
22402.291004	0.106625	
22402.292499	0.108534	
22402.294099	0.116047	
22402.295598	0.118988	
22402.297189	0.127097	
22402.298699	0.128317	
22402.300279	0.133933	
22402.301808	0.146618	
22402.303355	0.152922	
22402.304899	0.155355	
22402.306418	0.164987	
22402.307998	0.172975	
22402.309518	0.171867	
22402.311101	0.187046	
22402.312592	0.182970	
22402.314174	0.197910	
22402.315692	0.204267	
22402.317297	0.192585	
22402.318800	0.206173	
22402.320370	0.208505	
22402.321897	0.205959	
22402.323466	0.212018	
22402.324990	0.200255	
22402.326520	0.213850	
22402.328100	0.212779	
22402.329591	0.204992	
22402.331177	0.200295	
22402.332700	0.209867	
22402.334300	0.203159	
22402.335790	0.203623	
22402.337357	0.199453	
22402.338877	0.192992	
22402.340445	0.205862	
22402.341985	0.189717	
22402.343499	0.185535	
22402.345072	0.183936	
22402.346588	0.188682	
22402.348177	0.175328	
22402.349661	0.173455	
22402.351267	0.173571	
22402.352757	0.176407	
22402.354358	0.179308	
22402.355853	0.177495	
22402.357451	0.180532	
22402.358936	0.185942	
22402.360512	0.184307	
22402.362035	0.184347	
22402.363605	0.189246	
22402.365122	0.189395	
22402.366638	0.189338	
22402.368201	0.193733	
22402.369715	0.190784	
22402.371302	0.209170	
22402.372786	0.217806	
22402.374396	0.217746	
22402.375893	0.224747	
22402.377464	0.228735	
22402.378990	0.245231	
22402.380564	0.243890	
22402.382084	0.254460	
22402.383610	0.257429	
22402.385157	0.262766	
22402.386678	0.268962	
22402.388268	0.275568	
22402.389764	0.281796	
22402.391331	0.292798	
22402.392866	0.294969	
22402.394460	0.302526	
22402.395946	0.301616	
22402.397517	0.300480	
22402.399032	0.311864	
22402.400607	0.310422	
22402.402125	0.301023	
22402.403668	0.304343	
22402.405228	0.301305	
22402.406743	0.300955	
22402.408311	0.311122	
22402.409803	0.300705	
22402.411371	0.301559	
22402.412902	0.297942	
22402.414490	0.295199	
22402.415992	0.295380	
22402.417534	0.288914	
22402.419077	0.281430	
22402.420640	0.279822	
22402.422161	0.276289	
22402.423687	0.274207	
22402.425256	0.276507	
22402.426791	0.266364	
22402.428354	0.262831	
22402.429878	0.262682	
22402.431622	0.268031	
22402.433199	0.258770	
22402.434859	0.254388	
22402.436452	0.262029	
22402.438109	0.260507	
22402.439695	0.262319	
22402.441331	0.271206	
22402.442972	0.283653	
22402.444584	0.286107	
22402.446256	0.281704	
22402.447851	0.287750	
22402.449498	0.292419	
22402.451085	0.300721	
22402.452734	0.297531	
22402.454310	0.307884	
22402.456003	0.307674	
22402.457560	0.327534	
22402.459276	0.337439	
22402.460823	0.343043	
22402.462550	0.342088	
22402.464073	0.361569	
22402.465817	0.358649	
22402.467301	0.375729	
22402.469084	0.366810	
22402.470565	0.366665	
22402.472347	0.371906	
22402.473824	0.367156	
22402.475617	0.369948	
22402.477095	0.373771	
22402.478847	0.376611	
22402.480330	0.372184	
22402.482099	0.372518	
22402.483600	0.370991	
22402.485355	0.366383	
22402.486870	0.356651	
22402.488593	0.352497	
22402.490116	0.349879	
22402.491817	0.332622	
22402.493367	0.339446	
22402.495077	0.342306	
22402.496632	0.325004	
22402.498291	0.324098	
22402.499856	0.309354	
22402.501504	0.317044	
22402.503094	0.302514	
22402.504740	0.304472	
22402.506351	0.299650	
22402.507968	0.296778	
22402.509606	0.306409	
22402.511208	0.298494	
22402.512897	0.302913	
22402.514500	0.311525	
22402.516139	0.315747	
22402.517733	0.315227	
22402.519409	0.319119	
22402.520974	0.320303	
22402.522687	0.331997	
22402.524223	0.332928	
22402.525936	0.339466	
22402.527485	0.343579	
22402.529201	0.348030	
22402.530734	0.353468	
22402.532481	0.368317	
22402.533973	0.368997	
22402.535741	0.376752	
22402.537221	0.381332	
22402.538983	0.383874	
22402.540458	0.382613	
22402.542242	0.379145	
22402.543717	0.394102	
22402.545504	0.392696	
22402.546998	0.389207	
22402.548761	0.393638	
22402.550261	0.404757	
22402.552003	0.386053	
22402.553518	0.387020	
22402.555231	0.384333	
22402.556760	0.382238	
22402.558463	0.373565	
22402.560005	0.366532	
22402.561707	0.366572	
22402.563267	0.361247	
22402.564940	0.365694	
22402.566515	0.359732	
22402.568189	0.363732	
22402.569773	0.354838	
22402.571433	0.351273	
22402.573048	0.344880	
22402.574681	0.331683	
22402.576306	0.335055	
22402.577926	0.322639	
22402.579571	0.327232	
22402.581177	0.323779	
22402.582822	0.325141	
22402.584401	0.323481	
22402.586091	0.329471	
22402.587654	0.325254	
22402.589344	0.317640	
22402.590896	0.312206	
22402.592608	0.319538	
22402.594084	0.324662	
22402.595798	0.315836	
22402.597287	0.333177	
22402.599010	0.329713	
22402.600497	0.329278	
22402.602196	0.327195	
22402.603683	0.328041	
22402.605367	0.342519	
22402.606874	0.341750	
22402.608521	0.341605	
22402.610055	0.340453	
22402.611678	0.340336	
22402.613251	0.363909	
22402.614829	0.353311	
22402.616437	0.362665	
22402.617985	0.357359	
22402.619610	0.362395	
22402.621113	0.364232	
22402.622798	0.374810	
22402.624281	0.364143	
22402.626009	0.359333	
22402.627485	0.361799	
22402.629207	0.355635	
22402.630691	0.361066	
22402.632415	0.363378	
22402.633902	0.352735	
22402.635607	0.359527	
22402.637082	0.358338	
22402.638783	0.354544	
22402.640277	0.358556	
22402.641941	0.348582	
22402.643475	0.338898	
22402.645115	0.331614	
22402.646672	0.330362	
22402.648273	0.324847	
22402.649849	0.323671	
22402.651434	0.322071	
22402.653047	0.321133	
22402.654598	0.311908	
22402.656268	0.307944	
22402.657761	0.298119	
22402.659471	0.299750	
22402.660944	0.292926	
22402.662668	0.281603	
22402.664138	0.283645	
22402.665856	0.283065	
22402.667338	0.283037	
22402.669045	0.279190	
22402.670528	0.272652	
22402.672246	0.281708	
22402.673734	0.282835	
22402.675338	0.278469	
22402.676869	0.277063	
22402.678491	0.273744	
22402.680038	0.274513	
22402.681540	0.273627	
22402.683199	0.284515	
22402.684693	0.283540	
22402.686332	0.290558	
22402.687857	0.295388	
22402.689495	0.302607	
22402.690989	0.307606	
22402.692635	0.305817	
22402.694122	0.305688	
22402.695772	0.308468	
22402.697255	0.313568	
22402.698897	0.310691	
22402.700387	0.307215	
22402.701981	0.308246	
22402.703505	0.308476	
22402.705053	0.307863	
22402.706639	0.309596	
22402.708137	0.301712	
22402.709800	0.309551	
22402.711293	0.306478	
22402.712944	0.294437	
22402.714437	0.293611	
22402.716079	0.299267	
22402.717560	0.278537	
22402.719204	0.269373	
22402.720682	0.274541	
22402.722323	0.273131	
22402.723799	0.269715	
22402.725425	0.262001	
22402.726945	0.255818	
22402.728511	0.248164	
22402.730084	0.234363	
22402.731599	0.231019	
22402.733236	0.230987	
22402.734726	0.223039	
22402.736366	0.213935	
22402.737889	0.209947	
22402.739552	0.209129	
22402.741029	0.208525	
22402.742670	0.197334	
22402.744141	0.216344	
22402.745780	0.212892	
22402.747262	0.204046	
22402.748898	0.195026	
22402.750397	0.203288	
22402.751982	0.189556	
22402.753516	0.192783	
22402.755064	0.194454	
22402.756653	0.206930	
22402.758147	0.197766	
22402.759822	0.208501	
22402.761313	0.209041	
22402.762951	0.211373	
22402.764476	0.208453	
22402.766112	0.216139	
22402.767606	0.211845	
22402.769168	0.218024	
22402.770669	0.222882	
22402.772222	0.220062	
22402.773753	0.222290	
22402.775236	0.223164	
22402.776805	0.232502	
22402.778333	0.221706	
22402.779924	0.231430	
22402.781413	0.216977	
22402.782972	0.213371	
22402.784496	0.212562	
22402.786065	0.211373	
22402.787572	0.205520	
22402.789121	0.213295	
22402.790642	0.206136	
22402.792189	0.204384	
22402.793711	0.207993	
22402.795201	0.203425	
22402.796768	0.180508	
22402.798288	0.182011	
22402.799882	0.168882	
22402.801375	0.165914	
22402.802954	0.151190	
22402.804473	0.144837	
22402.806059	0.142344	
22402.807563	0.134694	
22402.809114	0.136027	
22402.810624	0.136829	
22402.812171	0.133038	
22402.813707	0.127093	
22402.815188	0.114786	
22402.816748	0.117791	
22402.818272	0.108087	
22402.819864	0.103583	
22402.821354	0.105678	
22402.822922	0.099289	
22402.824443	0.095096	
22402.826028	0.097754	
22402.827507	0.099180	
22402.829081	0.106967	
22402.830570	0.098500	
22402.832104	0.100832	
22402.833655	0.106923	
22402.835143	0.094242	
22402.836703	0.091913	
22402.838235	0.098415	
22402.839831	0.103603	
22402.841317	0.105904	
22402.842907	0.109533	
22402.844388	0.111205	
22402.845978	0.111741	
22402.847482	0.115455	
22402.848971	0.111487	
22402.850544	0.106685	
22402.852060	0.109151	
22402.853651	0.102625	
22402.855147	0.104172	
22402.856715	0.099756	
22402.858248	0.091893	
22402.859803	0.095249	
22402.861332	0.102097	
22402.862863	0.091905	
22402.864440	0.092852	
22402.865950	0.087140	
22402.867507	0.088078	
22402.869038	0.077238	
22402.870614	0.076690	
22402.872101	0.066358	
22402.873692	0.058704	
22402.875190	0.065177	
22402.876758	0.062285	
22402.878270	0.055417	
22402.879837	0.051896	
22402.881362	0.033273	
22402.882875	0.033446	
22402.884445	0.024089	
22402.885966	0.017575	
22402.887553	0.012749	
22402.889042	0.009655	
22402.890661	0.001997	
22402.892153	0.001167	
22402.893736	-0.002611	
22402.895230	0.000950	
22402.896786	-0.001330	
22402.898312	-0.007518	
22402.899872	-0.008468	
22402.901395	-0.012545	
22402.902933	-0.020086	
22402.904479	-0.020154	
22402.905997	-0.021190	
22402.907572	-0.025597	
22402.909095	-0.023309	
22402.910684	-0.020376	
22402.912181	-0.023575	
22402.913752	-0.020243	
22402.915281	-0.026737	
22402.916888	-0.022709	
22402.918381	-0.022700	
22402.919949	-0.027462	
22402.921474	-0.026318	
22402.923036	-0.028457	
22402.924577	-0.031643	
22402.926094	-0.027144	
22402.927680	-0.024521	
22402.929172	-0.027740	
22402.930782	-0.024558	
22402.932271	-0.025806	
22402.933865	-0.027345	
22402.935366	-0.026008	
22402.936930	-0.028924	
22402.938443	-0.034946	
22402.940019	-0.037275	
22402.941543	-0.037988	
22402.943058	-0.036747	
22402.944623	-0.038918	
22402.946157	-0.042463	
22402.947723	-0.046137	
22402.949203	-0.048067	
22402.950797	-0.049070	
22402.952318	-0.057292	
22402.953926	-0.061703	
22402.955419	-0.070911	
22402.956993	-0.073477	
22402.958516	-0.075842	
22402.960080	-0.087194	
22402.961603	-0.091057	
22402.963135	-0.094646	
22402.964706	-0.097744	
22402.966229	-0.100391	
22402.967779	-0.109744	
22402.969295	-0.114369	
22402.970899	-0.112459	
22402.972389	-0.121978	
22402.973941	-0.129463	
22402.975463	-0.130285	
22402.977039	-0.134978	
22402.978567	-0.138515	
22402.980104	-0.142873	
22402.981654	-0.137459	
22402.983180	-0.143196	
22402.984738	-0.142954	
22402.986234	-0.143945	
22402.987804	-0.146861	
22402.989326	-0.148763	
22402.990914	-0.140420	
22402.992421	-0.142491	
22402.993984	-0.142188	
22402.995522	-0.139477	
22402.997084	-0.136682	
22402.998611	-0.137298	
22403.000138	-0.131304	
22403.001697	-0.133177	
22403.003233	-0.135010	
22403.004813	-0.133495	
22403.006304	-0.133701	
22403.007914	-0.134780	
22403.009412	-0.135139	
22403.011004	-0.141302	
22403.012501	-0.136384	
22403.014093	-0.139933	
22403.015595	-0.135771	
22403.017147	-0.137693	
22403.018681	-0.138164	
22403.020256	-0.142362	
22403.021785	-0.146011	
22403.023311	-0.146088	
22403.024859	-0.154088	
22403.026380	-0.155663	
22403.027969	-0.163112	
22403.029463	-0.165923	
22403.031038	-0.171623	
22403.032561	-0.174677	
22403.034163	-0.186053	
22403.035667	-0.187136	
22403.037228	-0.195765	
22403.038765	-0.199193	
22403.040314	-0.205252	
22403.041848	-0.215053	
22403.043363	-0.216100	
22403.044928	-0.222678	
22403.046468	-0.223295	
22403.048044	-0.227101	
22403.049539	-0.231235	
22403.051116	-0.233345	
22403.052645	-0.234816	
22403.054212	-0.234586	
22403.055740	-0.234997	
22403.057278	-0.233929	
22403.058836	-0.239617	
22403.060356	-0.240496	
22403.061925	-0.240798	
22403.063423	-0.241281	
22403.065034	-0.240359	
22403.066523	-0.233631	
22403.068100	-0.235517	
22403.069626	-0.230944	
22403.071226	-0.230985	
22403.072718	-0.230364	
22403.074283	-0.229083	
22403.075803	-0.230268	
22403.077371	-0.229486	
22403.078906	-0.223979	
22403.080421	-0.233982	
22403.082003	-0.226078	
22403.083521	-0.222372	
22403.085096	-0.223113	
22403.086588	-0.224205	
22403.088186	-0.224906	
22403.089701	-0.223830	
22403.091295	-0.227899	
22403.092791	-0.231702	
22403.094358	-0.231424	
22403.095877	-0.232906	
22403.097443	-0.238481	
22403.098969	-0.245366	
22403.100488	-0.244093	
22403.102071	-0.248544	
22403.103592	-0.250591	
22403.105169	-0.251803	
22403.106688	-0.259006	
22403.108408	-0.263316	
22403.109966	-0.273637	
22403.111657	-0.275204	
22403.113212	-0.279651	
22403.114877	-0.283369	
22403.116460	-0.287095	
22403.118129	-0.288751	
22403.119712	-0.290950	
22403.121361	-0.293025	
22403.122955	-0.296211	
22403.124584	-0.299370	
22403.126210	-0.301158	
22403.127827	-0.303140	
22403.129484	-0.307495	
22403.131074	-0.310206	
22403.132740	-0.310488	
22403.134331	-0.309049	
22403.135997	-0.308482	
22403.137570	-0.309754	
22403.139273	-0.304369	
22403.140822	-0.308409	
22403.142532	-0.305585	
22403.144087	-0.301919	
22403.145803	-0.299962	
22403.147321	-0.299849	
22403.149049	-0.302624	
22403.150550	-0.300707	
22403.152324	-0.299398	
22403.153806	-0.297754	
22403.155578	-0.297940	
22403.157056	-0.293097	
22403.158842	-0.297633	
22403.160330	-0.291478	
22403.162091	-0.296235	
22403.163584	-0.299349	
22403.165332	-0.297291	
22403.166846	-0.297001	
22403.168571	-0.303414	
22403.170093	-0.302979	
22403.171821	-0.302588	
22403.173359	-0.300244	
22403.175047	-0.302475	
22403.176592	-0.303563	
22403.178286	-0.305763	
22403.179844	-0.311495	
22403.181519	-0.312546	
22403.183097	-0.316115	
22403.184752	-0.320856	
22403.186337	-0.327552	
22403.187976	-0.323652	
22403.189578	-0.328083	
22403.191196	-0.326714	
22403.192857	-0.326416	
22403.194438	-0.332712	
22403.196111	-0.332096	
22403.197701	-0.336100	
22403.199359	-0.343548	
22403.200940	-0.341026	
22403.202613	-0.346187	
22403.204175	-0.345897	
22403.205889	-0.343302	
22403.207425	-0.348044	
22403.209134	-0.343693	
22403.210653	-0.341546	
22403.212375	-0.342485	
22403.213855	-0.344305	
22403.215623	-0.346618	
22403.217116	-0.344390	
22403.218914	-0.346686	
22403.220389	-0.347037	
22403.222175	-0.345772	
22403.223647	-0.348350	
22403.225397	-0.336434	
22403.226892	-0.333505	
22403.228621	-0.333598	
22403.230134	-0.337071	
22403.231760	-0.331177	
22403.233301	-0.331504	
22403.234909	-0.327821	
22403.236481	-0.327020	
22403.238050	-0.324728	
22403.239637	-0.325042	
22403.241178	-0.323117	
22403.242839	-0.316353	
22403.244326	-0.314556	
22403.246048	-0.312703	
22403.247519	-0.309364	
22403.249250	-0.317014	
22403.250721	-0.316341	
22403.252429	-0.316164	
22403.253918	-0.321251	
22403.255623	-0.320143	
22403.257105	-0.319551	
22403.258812	-0.323668	
22403.260299	-0.320579	
22403.261974	-0.324998	
22403.263490	-0.323374	
22403.265127	-0.330500	
22403.266675	-0.336313	
22403.268306	-0.335584	
22403.269870	-0.343145	
22403.271473	-0.349740	
22403.273077	-0.348708	
22403.274639	-0.349264	
22403.276259	-0.351005	
22403.277775	-0.353651	
22403.279474	-0.351347	
22403.280944	-0.353341	
22403.282665	-0.359496	
22403.284136	-0.359246	
22403.285854	-0.358844	
22403.287335	-0.361043	
22403.289050	-0.360805	
22403.290530	-0.362348	
22403.292240	-0.354779	
22403.293735	-0.353595	
22403.295406	-0.352298	
22403.296899	-0.342187	
22403.298573	-0.337683	
22403.300083	-0.338287	
22403.301721	-0.338416	
22403.303267	-0.332563	
22403.304880	-0.327415	
22403.306466	-0.320152	
22403.308024	-0.318750	
22403.309650	-0.313022	
22403.311193	-0.309904	
22403.312849	-0.306604	
22403.314321	-0.302737	
22403.316041	-0.301694	
22403.317522	-0.300320	
22403.319156	-0.294270	
22403.320639	-0.293734	
22403.322278	-0.298354	
22403.323766	-0.296892	
22403.325371	-0.295180	
22403.326894	-0.294024	
22403.328464	-0.290773	
22403.330016	-0.296316	
22403.331547	-0.291095	
22403.333180	-0.293573	
22403.334683	-0.296691	
22403.336320	-0.300626	
22403.337851	-0.311205	
22403.339499	-0.308711	
22403.340995	-0.307841	
22403.342620	-0.312220	
22403.344110	-0.316345	
22403.345740	-0.313730	
22403.347222	-0.313175	
22403.348867	-0.312945	
22403.350352	-0.313013	
22403.351959	-0.319934	
22403.353477	-0.317638	
22403.355045	-0.318057	
22403.356604	-0.323991	
22403.358084	-0.325352	
22403.359767	-0.320683	
22403.361255	-0.318146	
22403.362894	-0.316401	
22403.364414	-0.312627	
22403.366065	-0.310153	
22403.367548	-0.310766	
22403.369210	-0.307571	
22403.370683	-0.305412	
22403.372320	-0.303466	
22403.373801	-0.298346	
22403.375445	-0.295925	
22403.376935	-0.291526	
22403.378514	-0.284654	
22403.380061	-0.278978	
22403.381591	-0.273028	
22403.383198	-0.266817	
22403.384687	-0.266676	
22403.386309	-0.264597	
22403.387832	-0.264803	
22403.389470	-0.262027	
22403.390945	-0.260895	
22403.392587	-0.258111	
22403.394060	-0.257402	
22403.395627	-0.252512	
22403.397130	-0.249958	
22403.398661	-0.245644	
22403.400223	-0.246413	
22403.401700	-0.240782	
22403.403308	-0.245027	
22403.404787	-0.242639	
22403.406453	-0.245193	
22403.407944	-0.243847	
